472866.0000000,33.5982623,73.1389757,464.2999878,0.1036697,0.1534654
472895.0000000,33.5982430,73.1389588,470.0000000,0.0979103,0.1449396
472905.0000000,33.5982218,73.1389592,475.7999878,0.1612640,0.2387240
472906.0000000,33.5982242,73.1389600,475.7999878,0.1727828,0.2557757
472907.0000000,33.5982268,73.1389597,475.2999878,0.1036697,0.1534654
472908.0000000,33.5982285,73.1389592,474.7999878,0.0777523,0.1150991
472909.0000000,33.5982320,73.1389593,474.7000122,0.0863914,0.1278878
472910.0000000,33.5982312,73.1389585,474.0000000,0.1411060,0.2088835
472911.0000000,33.5982315,73.1389580,474.3999939,0.0806320,0.1193620
472912.0000000,33.5982317,73.1389588,474.7999878,0.1324668,0.1960947
472913.0000000,33.5982328,73.1389602,474.7999878,0.1123088,0.1662542
472915.0000000,33.5982338,73.1389618,475.2000122,0.0806320,0.1193620
472916.0000000,33.5982333,73.1389613,475.2000122,0.1238277,0.1833059
472917.0000000,33.5982343,73.1389593,475.2000122,0.1295871,0.1918318
472918.0000000,33.5982330,73.1389585,475.1000061,0.0806320,0.1193620
472919.0000000,33.5982307,73.1389582,475.6000061,0.0777523,0.1150991
472920.0000000,33.5982275,73.1389598,476.2000122,0.1295871,0.1918318
472921.0000000,33.5982187,73.1389612,476.7999878,0.2850916,0.4220299
472922.0000000,33.5982210,73.1389637,477.6000061,0.1007900,0.1492025
472923.0000000,33.5982663,73.1390290,478.1000061,1.4561366,2.3051617
472924.0000000,33.5982795,73.1390257,475.3999939,1.0515708,1.4169743
472925.0000000,33.5982830,73.1390232,473.7000122,0.8006381,0.8287955
472926.0000000,33.5982892,73.1390257,473.3999939,0.8137935,0.7260833
472927.0000000,33.5982763,73.1390098,474.5000000,0.2149643,0.1917956
472928.0000000,33.5982752,73.1390078,475.1000061,0.1497073,0.1335719
472929.0000000,33.5982728,73.1390075,475.2999878,0.0499024,0.0445240
472930.0000000,33.5982713,73.1390067,475.3999939,0.0230319,0.0205495
472931.0000000,33.5982723,73.1390065,475.3999939,0.0230319,0.0205495
472932.0000000,33.5982665,73.1390043,474.8999939,0.0921276,0.0821981
472933.0000000,33.5982617,73.1390040,475.6000061,0.1305140,0.1164473
472934.0000000,33.5982622,73.1390038,476.2999878,0.0652570,0.0582237
472935.0000000,33.5982652,73.1390050,475.7999878,0.0844503,0.0753483
472936.0000000,33.5982632,73.1390042,474.6000061,0.0652570,0.0582237
472937.0000000,33.5982625,73.1390027,474.6000061,0.0191932,0.0171246
472938.0000000,33.5982600,73.1390015,474.2999878,0.0729343,0.0650735
472939.0000000,33.5982592,73.1390008,474.6000061,0.0575797,0.0513738
472940.0000000,33.5982582,73.1390003,474.2999878,0.0383865,0.0342492
472941.0000000,33.5982558,73.1389988,474.0000000,0.0767730,0.0684984
472943.0000000,33.5982562,73.1389970,473.8999939,0.0422251,0.0376741
472944.0000000,33.5982517,73.1389942,473.6000061,0.0882889,0.0787732
472945.0000000,33.5982490,73.1389930,474.2999878,0.0806116,0.0719233
472946.0000000,33.5982460,73.1389932,474.6000061,0.0844503,0.0753483
472947.0000000,33.5982427,73.1389915,475.2000122,0.0998049,0.0890480
472948.0000000,33.5982388,73.1389918,475.7000122,0.0806116,0.0719233
472949.0000000,33.5982362,73.1389920,476.2999878,0.0537411,0.0479489
472950.0000000,33.5982335,73.1389912,476.7000122,0.0537411,0.0479489
472951.0000000,33.5982318,73.1389912,477.2000122,0.0422251,0.0376741
472952.0000000,33.5982310,73.1389913,477.6000061,0.0383865,0.0342492
472953.0000000,33.5982283,73.1389903,477.7999878,0.0499024,0.0445240
472954.0000000,33.5982273,73.1389903,478.3999939,0.0153546,0.0136997
472955.0000000,33.5982270,73.1389903,478.5000000,0.0191932,0.0171246
472956.0000000,33.5982295,73.1389917,478.5000000,0.0076773,0.0068498
472957.0000000,33.5982285,73.1389920,477.7000122,0.0575797,0.0513738
472958.0000000,33.5982278,73.1389905,477.7999878,0.0345478,0.0308243
472959.0000000,33.5982257,73.1389893,477.5000000,0.0690957,0.0616486
472960.0000000,33.5982227,73.1389882,477.7000122,0.0844503,0.0753483
472961.0000000,33.5982252,73.1389872,477.8999939,0.0537411,0.0479489
472962.0000000,33.5982227,73.1389852,477.1000061,0.0767730,0.0684984
472963.0000000,33.5982203,73.1389842,477.2999878,0.0959662,0.0856230
472964.0000000,33.5982173,73.1389833,477.2000122,0.0882889,0.0787732
472965.0000000,33.5982138,73.1389833,477.3999939,0.0921276,0.0821981
472966.0000000,33.5982095,73.1389825,477.6000061,0.1228367,0.1095975
472967.0000000,33.5982068,73.1389822,478.0000000,0.0614184,0.0547987
472968.0000000,33.5982035,73.1389815,478.2000122,0.0499024,0.0445240
472969.0000000,33.5982017,73.1389810,478.5000000,0.0345478,0.0308243
472970.0000000,33.5981997,73.1389798,478.6000061,0.0383865,0.0342492
472971.0000000,33.5981988,73.1389785,478.7000122,0.0230319,0.0205495
472972.0000000,33.5981975,73.1389775,478.7000122,0.0383865,0.0342492
472973.0000000,33.5982002,73.1389770,478.8999939,0.0230319,0.0205495
472974.0000000,33.5981987,73.1389763,478.1000061,0.0191932,0.0171246
472975.0000000,33.5981952,73.1389750,478.1000061,0.0998049,0.0890480
472976.0000000,33.5981913,73.1389747,478.6000061,0.1074822,0.0958978
472977.0000000,33.5981923,73.1389748,479.2000122,0.0383865,0.0342492
472978.0000000,33.5981920,73.1389752,478.8999939,0.0460638,0.0410991
472979.0000000,33.5981902,73.1389747,478.6000061,0.0460638,0.0410991
472980.0000000,33.5981877,73.1389735,478.7000122,0.0767730,0.0684984
472981.0000000,33.5981840,73.1389725,479.1000061,0.0690957,0.0616486
472982.0000000,33.5981812,73.1389710,479.7000122,0.0806116,0.0719233
472983.0000000,33.5981792,73.1389712,480.1000061,0.0844503,0.0753483
472984.0000000,33.5981787,73.1389710,480.3999939,0.0422251,0.0376741
472985.0000000,33.5981763,73.1389702,480.5000000,0.0614184,0.0547987
472986.0000000,33.5981760,73.1389687,480.8999939,0.0537411,0.0479489
472987.0000000,33.5981750,73.1389682,480.8999939,0.0383865,0.0342492
472988.0000000,33.5981767,73.1389687,481.0000000,0.0268705,0.0239745
472989.0000000,33.5981770,73.1389685,480.7000122,0.0115159,0.0102748
472990.0000000,33.5981773,73.1389683,480.6000061,0.0230319,0.0205495
472991.0000000,33.5981785,73.1389680,480.6000061,0.0614184,0.0547987
472992.0000000,33.5981782,73.1389685,480.3999939,0.0230319,0.0205495
472993.0000000,33.5981778,73.1389687,480.3999939,0.0499024,0.0445240
472994.0000000,33.5981770,73.1389680,480.3999939,0.0460638,0.0410991
472995.0000000,33.5981777,73.1389672,480.6000061,0.0383865,0.0342492
472996.0000000,33.5981785,73.1389675,480.5000000,0.0153546,0.0136997
472998.0000000,33.5981780,73.1389680,480.3999939,0.0460638,0.0410991
473000.0000000,33.5981790,73.1389680,480.6000061,0.0191932,0.0171246
473001.0000000,33.5981797,73.1389677,480.3999939,0.0307092,0.0273994
473002.0000000,33.5981785,73.1389675,480.3999939,0.0153546,0.0136997
473003.0000000,33.5981777,73.1389677,480.6000061,0.0499024,0.0445240
473004.0000000,33.5981775,73.1389675,480.6000061,0.0153546,0.0136997
473005.0000000,33.5981772,73.1389675,480.6000061,0.0230319,0.0205495
473006.0000000,33.5981760,73.1389678,480.5000000,0.0383865,0.0342492
473007.0000000,33.5981752,73.1389673,480.7000122,0.0268705,0.0239745
473008.0000000,33.5981720,73.1389680,480.7999878,0.1074822,0.0958978
473009.0000000,33.5981677,73.1389685,481.2000122,0.1689005,0.1506965
473010.0000000,33.5981635,73.1389693,481.7999878,0.1919324,0.1712461
473011.0000000,33.5981595,73.1389697,482.2999878,0.1650619,0.1472716
473012.0000000,33.5981578,73.1389693,482.7999878,0.0959662,0.0856230
473013.0000000,33.5981575,73.1389703,483.1000061,0.0806116,0.0719233
473014.0000000,33.5981568,73.1389707,483.1000061,0.0345478,0.0308243
473015.0000000,33.5981563,73.1389712,483.2000122,0.0383865,0.0342492
473016.0000000,33.5981580,73.1389718,483.2000122,0.0307092,0.0273994
473017.0000000,33.5981560,73.1389717,483.0000000,0.0921276,0.0821981
473018.0000000,33.5981553,73.1389723,483.2000122,0.0921276,0.0821981
473019.0000000,33.5981552,73.1389730,483.2000122,0.0614184,0.0547987
473020.0000000,33.5981542,73.1389740,483.2000122,0.0998049,0.0890480
473021.0000000,33.5981543,73.1389745,483.2000122,0.0460638,0.0410991
473022.0000000,33.5981550,73.1389752,483.1000061,0.0230319,0.0205495
473023.0000000,33.5981562,73.1389777,482.8999939,0.0191932,0.0171246
473024.0000000,33.5981573,73.1389778,482.5000000,0.0460638,0.0410991
473025.0000000,33.5981590,73.1389783,482.3999939,0.0076773,0.0068498
473026.0000000,33.5981603,73.1389787,482.0000000,0.0153546,0.0136997
473027.0000000,33.5981608,73.1389785,481.7999878,0.0076773,0.0068498
473029.0000000,33.5981613,73.1389777,481.7000122,0.0307092,0.0273994
473030.0000000,33.5981617,73.1389777,481.6000061,0.0345478,0.0308243
473031.0000000,33.5981620,73.1389773,481.2999878,0.0038386,0.0034249
473032.0000000,33.5981613,73.1389772,481.2000122,0.0345478,0.0308243
473033.0000000,33.5981620,73.1389768,481.2999878,0.0115159,0.0102748
473034.0000000,33.5981622,73.1389773,481.2000122,0.0230319,0.0205495
473035.0000000,33.5981597,73.1389768,481.1000061,0.1804165,0.1609713
473036.0000000,33.5981560,73.1389765,481.1000061,0.2571895,0.2294697
473037.0000000,33.5981523,73.1389777,481.2000122,0.3454784,0.3082429
473038.0000000,33.5981527,73.1389772,481.0000000,0.1189981,0.1061726
473039.0000000,33.5981525,73.1389762,481.0000000,0.0076773,0.0068498
473040.0000000,33.5981555,73.1389737,481.1000061,0.2533508,0.2260448
473041.0000000,33.5981637,73.1389702,481.1000061,0.4567991,0.4075657
473042.0000000,33.5981748,73.1389553,481.2999878,1.2525904,-0.2917172
473043.0000000,33.5981848,73.1389425,481.5000000,1.1720026,-0.5660634
473044.0000000,33.5981920,73.1389190,481.5000000,1.0413928,-1.4053081
473045.0000000,33.5982017,73.1388903,481.7000122,1.3462390,-2.1494203
473046.0000000,33.5982143,73.1388578,482.0000000,1.6263461,-3.0331235
473047.0000000,33.5982238,73.1388117,481.8999939,1.3561996,-3.5571232
473048.0000000,33.5982157,73.1387552,482.1000061,-0.3987382,-4.8812518
473049.0000000,33.5982030,73.1386955,482.1000061,-1.7455143,-5.4694204
473050.0000000,33.5981797,73.1386372,481.2000122,-2.3292382,-5.5221395
473051.0000000,33.5981453,73.1385602,482.3999939,-3.5251105,-6.8239336
473052.0000000,33.5981148,73.1384938,482.3999939,-3.6550887,-6.2952228
473053.0000000,33.5980797,73.1384195,483.6000061,-4.0373917,-6.7326512
473054.0000000,33.5980405,73.1383390,483.6000061,-4.6284618,-7.4446244
473055.0000000,33.5980097,73.1382635,484.1000061,-4.0533113,-7.2406688
473056.0000000,33.5979703,73.1381757,482.7999878,-4.8490996,-8.1473665
473057.0000000,33.5979320,73.1380873,481.7999878,-4.4793787,-8.3505096
473058.0000000,33.5978913,73.1379995,481.7999878,-4.8111906,-8.0261955
473059.0000000,33.5978550,73.1379187,481.6000061,-4.3175845,-7.4572239
473060.0000000,33.5978152,73.1378475,481.3999939,-4.7379351,-6.6866760
473061.0000000,33.5977838,73.1378007,481.0000000,-4.7859368,-5.4438848
473062.0000000,33.5977405,73.1377545,478.7999878,-5.2852821,-4.9980421
473063.0000000,33.5976867,73.1377158,476.7999878,-5.9313231,-4.0673475
473064.0000000,33.5976223,73.1376815,476.7999878,-7.0282040,-3.6228676
473065.0000000,33.5975598,73.1376533,476.5000000,-7.0705447,-2.9200454
473066.0000000,33.5975030,73.1376313,476.5000000,-6.2171202,-2.1225367
473067.0000000,33.5974588,73.1376110,476.2999878,-4.7752337,-1.5515673
473068.0000000,33.5974292,73.1376120,476.3999939,-4.2400994,-1.0477481
473069.0000000,33.5973920,73.1376077,473.3999939,-4.2279482,-0.6666157
473070.0000000,33.5973468,73.1376203,472.7999878,-5.5896420,1.4601605
473071.0000000,33.5972948,73.1376527,472.7999878,-6.6010990,2.8156068
473072.0000000,33.5972312,73.1376945,472.5000000,-7.4093986,4.3383803
473073.0000000,33.5971598,73.1377498,472.0000000,-8.5987978,4.9845481
473074.0000000,33.5970800,73.1378078,470.0000000,-9.2285595,5.5868130
473075.0000000,33.5969903,73.1378723,469.1000061,-9.8387775,6.0386639
473076.0000000,33.5968990,73.1379397,469.1000061,-10.1397295,6.4597206
473077.0000000,33.5968008,73.1380190,469.0000000,-10.6749601,6.7588649
473078.0000000,33.5967030,73.1380923,467.5000000,-10.8418350,6.8221822
473079.0000000,33.5965987,73.1381580,467.1000061,-11.2282982,6.5823336
473080.0000000,33.5965005,73.1382290,467.2000122,-11.0712414,6.5449052
473081.0000000,33.5964030,73.1382987,466.7999878,-10.9509945,6.3429627
473082.0000000,33.5963078,73.1383642,466.2000122,-10.6595249,5.9184046
473083.0000000,33.5962093,73.1384270,465.7999878,-10.7012234,5.5469866
473084.0000000,33.5961195,73.1384825,464.7000122,-10.3198195,5.2536726
473085.0000000,33.5960307,73.1385365,464.6000061,-10.1428232,5.1591091
473086.0000000,33.5959462,73.1385943,464.2999878,-9.8867989,5.2061043
473087.0000000,33.5958658,73.1386518,463.8999939,-9.5311947,5.2052121
473088.0000000,33.5957818,73.1387130,463.7000122,-9.5575657,5.4118166
473089.0000000,33.5957002,73.1387743,463.1000061,-9.4513130,5.6856580
473090.0000000,33.5956152,73.1388343,463.1000061,-9.4978294,5.7974997
473091.0000000,33.5955273,73.1388982,463.1000061,-9.7038889,6.0026050
473092.0000000,33.5954342,73.1389585,462.8999939,-9.9169664,5.9893818
473093.0000000,33.5953477,73.1390268,463.0000000,-9.8881817,6.2800722
473094.0000000,33.5952665,73.1391010,462.7999878,-9.6310549,6.5403438
473095.0000000,33.5951853,73.1391733,462.5000000,-9.3605642,6.6768260
473096.0000000,33.5951075,73.1392467,462.6000061,-9.0212975,6.7316208
473097.0000000,33.5950313,73.1393163,462.6000061,-8.6979666,6.5710640
473098.0000000,33.5949542,73.1393848,462.5000000,-8.6745043,6.4047475
473099.0000000,33.5948767,73.1394545,462.6000061,-8.7501211,6.5530753
473100.0000000,33.5947972,73.1395260,462.5000000,-8.9024754,6.6671758
473101.0000000,33.5947140,73.1396007,462.5000000,-9.2502346,6.8548136
473102.0000000,33.5946275,73.1396783,462.2000122,-9.6062498,7.1863933
473103.0000000,33.5945360,73.1397610,462.2000122,-10.0250692,7.8578348
473104.0000000,33.5944437,73.1398467,463.2999878,-10.2151270,8.1400452
473105.0000000,33.5943533,73.1399352,463.2999878,-10.1897678,8.1635427
473106.0000000,33.5942637,73.1400227,463.2999878,-10.0891752,8.0916290
473107.0000000,33.5941745,73.1401075,463.2000122,-10.0206270,7.8967891
473108.0000000,33.5940870,73.1401848,463.2000122,-9.7835693,7.6989093
473109.0000000,33.5940008,73.1402680,464.2000122,-9.6957121,7.5942140
473110.0000000,33.5939143,73.1403505,464.1000061,-9.6879930,7.7449036
473111.0000000,33.5938300,73.1404400,464.2000122,-9.6261358,8.1837988
473112.0000000,33.5937440,73.1405302,464.1000061,-9.7171993,8.3227673
473113.0000000,33.5936503,73.1406130,464.1000061,-10.1319466,8.2840471
473114.0000000,33.5935513,73.1406933,465.1000061,-10.7493277,7.9337773
473115.0000000,33.5934522,73.1407787,465.7999878,-11.1906128,7.7950692
473116.0000000,33.5933488,73.1408588,465.2999878,-11.4402924,7.6759710
473117.0000000,33.5932462,73.1409347,465.6000061,-11.4744606,7.5688868
473118.0000000,33.5931442,73.1410137,466.5000000,-11.4215040,7.7039003
473119.0000000,33.5930428,73.1410972,467.1000061,-11.4088182,7.8322725
473120.0000000,33.5929388,73.1411790,467.2000122,-11.5300035,7.7361631
473121.0000000,33.5928318,73.1412563,467.3999939,-11.7433500,7.4755783
473122.0000000,33.5927228,73.1413327,467.7999878,-12.1259394,7.2773604
473123.0000000,33.5926135,73.1414092,468.0000000,-12.2529068,7.1944900
473124.0000000,33.5925047,73.1414848,468.2999878,-12.1357756,7.1399622
473125.0000000,33.5923972,73.1415610,468.5000000,-12.0557852,6.9295831
473126.0000000,33.5922892,73.1416362,468.3999939,-12.0319328,6.9606466
473127.0000000,33.5921793,73.1417088,468.5000000,-12.1449709,6.7931581
473128.0000000,33.5920688,73.1417797,468.7999878,-12.2456465,6.5991149
473129.0000000,33.5919593,73.1418507,469.1000061,-12.2072821,6.5509744
473130.0000000,33.5918507,73.1419202,469.2999878,-12.1872673,6.3578138
473131.0000000,33.5917402,73.1419867,469.2999878,-12.2158833,6.2350507
473132.0000000,33.5916308,73.1420512,469.7000122,-12.0595665,6.0310869
473133.0000000,33.5915225,73.1421157,469.7000122,-12.0026617,6.1209412
473134.0000000,33.5914145,73.1421815,470.1000061,-11.9611759,6.2239413
473135.0000000,33.5913053,73.1422473,470.3999939,-12.0835381,6.1887817
473136.0000000,33.5911950,73.1423145,470.7000122,-12.2331219,6.2465405
473137.0000000,33.5910852,73.1423842,470.7999878,-12.3337498,6.3659234
473138.0000000,33.5909740,73.1424537,470.8999939,-12.3800840,6.4886661
473139.0000000,33.5908623,73.1425237,471.2000122,-12.3946524,6.6042333
473140.0000000,33.5907510,73.1425948,471.5000000,-12.3212862,6.7401185
473141.0000000,33.5906422,73.1426670,471.7999878,-12.0367746,6.7547235
473142.0000000,33.5905378,73.1427417,472.2999878,-11.6854830,6.9714737
473143.0000000,33.5904297,73.1428087,472.7999878,-11.5501652,7.1446695
473144.0000000,33.5903207,73.1428775,474.2000122,-11.5687761,7.2993550
473145.0000000,33.5902137,73.1429522,475.5000000,-11.6578512,7.3413429
473146.0000000,33.5901063,73.1430287,476.7999878,-11.7721701,7.3818054
473147.0000000,33.5899990,73.1431065,476.7999878,-11.8289280,7.4461889
473148.0000000,33.5898925,73.1431877,477.3999939,-11.9072943,7.4955196
473149.0000000,33.5897833,73.1432655,478.2999878,-11.9921913,7.4470696
473150.0000000,33.5896758,73.1433450,478.2999878,-11.9516821,7.4537439
473151.0000000,33.5895680,73.1434253,478.6000061,-12.0208902,7.4300494
473152.0000000,33.5894597,73.1435045,478.8999939,-11.9722033,7.4694448
473153.0000000,33.5893517,73.1435843,479.6000061,-11.9442511,7.4462142
473154.0000000,33.5892445,73.1436650,479.8999939,-11.9072943,7.4955196
473155.0000000,33.5891382,73.1437465,480.5000000,-11.8541880,7.4736528
473156.0000000,33.5890312,73.1438247,480.5000000,-11.8268814,7.3816500
473157.0000000,33.5889250,73.1439022,481.6000061,-11.7447119,7.3189731
473158.0000000,33.5888192,73.1439797,481.6000061,-11.7446241,7.2507954
473159.0000000,33.5887133,73.1440573,482.0000000,-11.7441139,7.2222028
473160.0000000,33.5886073,73.1441338,482.3999939,-11.6657696,7.2218151
473161.0000000,33.5885030,73.1442123,482.8999939,-11.5727882,7.2736759
473162.0000000,33.5883988,73.1442897,483.2999878,-11.4948130,7.2526875
473163.0000000,33.5882962,73.1443662,483.7000122,-11.4128180,7.1898193
473164.0000000,33.5881933,73.1444427,484.3999939,-11.3772068,7.0624175
473165.0000000,33.5880910,73.1445167,484.7999878,-11.3081007,6.9785719
473166.0000000,33.5879892,73.1445905,485.3999939,-11.2549658,6.9078655
473167.0000000,33.5878885,73.1446647,486.0000000,-11.1851816,6.8247852
473168.0000000,33.5877867,73.1447367,486.3999939,-11.1935110,6.8111157
473169.0000000,33.5876862,73.1448105,486.8999939,-11.2122335,6.9086065
473170.0000000,33.5875843,73.1448833,487.2999878,-11.3041086,6.8271508
473171.0000000,33.5874803,73.1449542,487.7999878,-11.5504980,6.5695968
473172.0000000,33.5873738,73.1450227,488.1000061,-11.7658682,6.3724008
473173.0000000,33.5872682,73.1450935,488.5000000,-11.8089828,6.4974136
473174.0000000,33.5871623,73.1451652,488.7999878,-11.8176289,6.7242632
473175.0000000,33.5870560,73.1452408,489.2000122,-11.7944527,7.0197487
473176.0000000,33.5869483,73.1453192,489.3999939,-11.8638353,7.2730141
473177.0000000,33.5868398,73.1453975,489.5000000,-11.9714546,7.3533735
473178.0000000,33.5867308,73.1454773,489.7000122,-12.1042576,7.4320378
473179.0000000,33.5866210,73.1455578,489.7999878,-12.1701078,7.5310931
473180.0000000,33.5865113,73.1456392,489.8999939,-12.1687355,7.5625892
473181.0000000,33.5864030,73.1457198,490.2000122,-11.9982023,7.4276114
473182.0000000,33.5862962,73.1457992,490.2000122,-11.8560619,7.3053117
473183.0000000,33.5861890,73.1458800,490.3999939,-11.9142637,7.4941015
473184.0000000,33.5860800,73.1459623,490.2999878,-12.1416769,7.6253200
473185.0000000,33.5859678,73.1460437,490.1000061,-12.2524452,7.7486687
473186.0000000,33.5858557,73.1461268,490.1000061,-12.3287020,7.7337794
473187.0000000,33.5857447,73.1462102,489.7000122,-12.3531952,7.7431369
473188.0000000,33.5856325,73.1462923,489.7000122,-12.4344692,7.4330382
473189.0000000,33.5855190,73.1463740,489.2000122,-12.6261501,7.5835567
473190.0000000,33.5854067,73.1464573,488.7999878,-12.4066877,7.6864796
473191.0000000,33.5852970,73.1465398,488.5000000,-12.0769548,7.5347991
473192.0000000,33.5851920,73.1466202,487.8999939,-11.5879765,7.3171263
473193.0000000,33.5850875,73.1466985,487.3999939,-11.5956316,7.3531342
473194.0000000,33.5849837,73.1467780,487.1000061,-11.5024328,7.3844314
473195.0000000,33.5848800,73.1468577,486.7000122,-11.5316830,7.3578157
473196.0000000,33.5847743,73.1469360,486.2999878,-11.6848574,7.2788420
473197.0000000,33.5846683,73.1470147,486.1000061,-11.8354206,7.4358640
473198.0000000,33.5845607,73.1470958,485.6000061,-11.9247150,7.4774599
473199.0000000,33.5844533,73.1471780,485.2000122,-11.8672085,7.5108366
473200.0000000,33.5843452,73.1472583,484.6000061,-11.8654575,7.4460735
473201.0000000,33.5842363,73.1473407,484.3999939,-12.0384388,7.5575547
473202.0000000,33.5841273,73.1474217,484.3999939,-12.1195192,7.6025596
473203.0000000,33.5840178,73.1475028,484.0000000,-12.1928854,7.6308022
473204.0000000,33.5839085,73.1475843,483.7000122,-12.1467896,7.5783682
473205.0000000,33.5837992,73.1476647,483.2000122,-12.1504145,7.5042477
473206.0000000,33.5836898,73.1477452,483.2000122,-12.0982695,7.5686488
473207.0000000,33.5835805,73.1478277,482.8999939,-12.0295811,7.5812988
473208.0000000,33.5834715,73.1479098,482.1000061,-12.1042738,7.6460919
473209.0000000,33.5833622,73.1479915,482.0000000,-12.1740494,7.7378154
473210.0000000,33.5832520,73.1480753,482.0000000,-12.2253237,7.7913899
473211.0000000,33.5831407,73.1481592,481.7999878,-12.3538809,7.8672595
473212.0000000,33.5830282,73.1482442,481.6000061,-12.5215731,7.8425918
473213.0000000,33.5829153,73.1483305,481.2000122,-12.5443125,7.9608603
473214.0000000,33.5828008,73.1484162,481.2000122,-12.7489061,7.9447589
473215.0000000,33.5826848,73.1485027,481.0000000,-12.8485804,7.9695625
473216.0000000,33.5825668,73.1485885,481.0000000,-13.0940952,7.9926696
473217.0000000,33.5824480,73.1486745,481.1000061,-13.1369743,8.0408878
473218.0000000,33.5823310,73.1487625,481.0000000,-12.9482222,8.2076836
473226.0000000,33.5814577,73.1493945,480.8999939,-10.9920197,6.5473585
473227.0000000,33.5813383,73.1494855,490.1000061,-11.3065500,6.3319707
473228.0000000,33.5812047,73.1495710,489.7999878,-12.4191828,6.3006105
473229.0000000,33.5811032,73.1496657,486.5000000,-12.2971563,6.7520351
473220.0000000,33.5810038,73.1497502,486.5000000,-12.1344624,7.0709348
473221.0000000,33.5809050,73.1498372,485.2999878,-11.9866838,7.1994786
473222.0000000,33.5807993,73.1499195,485.3999939,-11.7942476,7.3270001
473223.0000000,33.5806928,73.1500025,485.3999939,-11.7886162,7.3749309
473224.0000000,33.5805868,73.1500830,485.6000061,-11.7788754,7.3516874
473225.0000000,33.5804832,73.1501677,485.7000122,-11.8088474,7.5259628
473226.0000000,33.5803758,73.1502443,485.6000061,-11.9480324,7.2931099
473227.0000000,33.5802713,73.1503248,486.2000122,-12.1187620,7.3886175
473228.0000000,33.5801628,73.1504058,486.5000000,-12.2051048,7.5527496
473229.0000000,33.5800522,73.1504855,486.3999939,-12.2581387,7.5353613
473230.0000000,33.5799392,73.1505643,487.0000000,-12.3350096,7.6361151
473231.0000000,33.5798283,73.1506413,487.2999878,-12.2333336,7.6145782
473232.0000000,33.5797203,73.1507217,487.6000061,-11.9219999,7.6068578
473233.0000000,33.5796150,73.1508035,487.7999878,-11.7772999,7.7450728
473234.0000000,33.5795097,73.1508855,487.8999939,-11.8747358,7.6234455
473235.0000000,33.5794010,73.1509697,487.8999939,-11.9933786,7.6288600
473236.0000000,33.5792922,73.1510528,487.3999939,-12.0965195,7.7063332
473237.0000000,33.5791823,73.1511362,487.5000000,-12.0940323,7.8149996
473238.0000000,33.5790728,73.1512175,487.7000122,-12.1370516,7.6519890
473239.0000000,33.5789658,73.1512993,487.5000000,-11.8185120,7.4915771
473240.0000000,33.5788613,73.1513797,487.5000000,-11.5890026,7.3347583
473241.0000000,33.5787587,73.1514603,487.5000000,-11.4113283,7.4588342
473242.0000000,33.5786563,73.1515392,487.3999939,-11.3657017,7.4063797
473243.0000000,33.5785543,73.1516177,487.3999939,-11.3147774,7.2862873
473244.0000000,33.5784548,73.1516940,487.3999939,-11.0896559,7.1797137
473245.0000000,33.5783565,73.1517680,487.1000061,-10.8470984,6.9958367
473246.0000000,33.5782613,73.1518425,487.3999939,-10.5133648,6.8014016
473247.0000000,33.5781687,73.1519133,487.3999939,-10.2053719,6.4715295
473248.0000000,33.5780787,73.1519820,487.5000000,-10.0634766,6.3397646
473249.0000000,33.5779887,73.1520502,487.2000122,-10.0332088,6.2426925
473250.0000000,33.5778977,73.1521140,487.1000061,-10.0664177,6.1397457
473251.0000000,33.5778085,73.1521793,487.1000061,-9.9603405,6.0369487
473252.0000000,33.5777195,73.1522440,487.2000122,-9.8635321,5.8985281
473253.0000000,33.5776308,73.1523068,487.2000122,-9.7519627,5.7031531
473254.0000000,33.5775483,73.1523657,487.1000061,-9.1493292,5.2759833
473255.0000000,33.5774687,73.1524190,487.0000000,-8.8649473,4.9220152
473256.0000000,33.5773902,73.1524710,486.6000061,-8.7536001,4.8043766
473257.0000000,33.5773087,73.1525218,486.2999878,-9.1529016,4.6656494
473258.0000000,33.5772260,73.1525733,486.2000122,-9.2447023,4.7572536
473259.0000000,33.5771443,73.1526275,485.5000000,-9.1145248,5.0128255
473260.0000000,33.5770585,73.1526835,485.5000000,-9.8066940,5.2472911
473261.0000000,33.5769675,73.1527442,485.1000061,-10.3452902,5.6357527
473262.0000000,33.5768705,73.1528098,484.7999878,-11.0114737,6.0686345
473263.0000000,33.5767670,73.1528792,484.3999939,-11.6666460,6.3502979
473264.0000000,33.5766622,73.1529498,483.7999878,-11.7053089,6.4723434
473265.0000000,33.5765582,73.1530233,483.2999878,-11.5291748,6.5654607
473266.0000000,33.5764535,73.1530968,482.5000000,-11.4548836,6.7044244
473267.0000000,33.5763475,73.1531698,481.1000061,-11.5786476,6.8995194
473268.0000000,33.5762422,73.1532458,481.1000061,-11.6000166,7.1029291
473269.0000000,33.5761370,73.1533228,480.5000000,-11.6926947,7.1288509
473270.0000000,33.5760318,73.1534008,479.7999878,-11.6195517,7.1791811
473271.0000000,33.5759262,73.1534790,479.3999939,-11.6984205,7.1884761
473272.0000000,33.5758205,73.1535577,478.7000122,-11.7343416,7.2869468
473273.0000000,33.5757145,73.1536373,478.0000000,-11.7047281,7.4596062
473274.0000000,33.5756062,73.1537205,477.0000000,-11.9286528,7.6727676
473275.0000000,33.5754972,73.1537998,477.0000000,-12.0604095,7.2265859
473276.0000000,33.5753865,73.1538807,476.2000122,-12.1852417,7.6526804
473277.0000000,33.5752760,73.1539637,475.0000000,-12.2693520,7.6637664
473278.0000000,33.5751628,73.1540468,475.0000000,-12.4517660,7.7113996
473279.0000000,33.5750498,73.1541312,474.2999878,-12.5166311,7.7727432
473280.0000000,33.5749360,73.1542153,474.2999878,-12.7254238,7.8164935
473281.0000000,33.5748207,73.1543003,474.2000122,-12.6892090,7.9722753
473282.0000000,33.5747048,73.1543863,474.2000122,-12.8235254,7.9416308
473283.0000000,33.5745905,73.1544737,474.2999878,-12.7347908,8.0350552
473284.0000000,33.5744757,73.1545598,474.5000000,-12.7761736,8.0175858
473285.0000000,33.5743618,73.1546463,474.5000000,-12.6097593,8.0209332
473286.0000000,33.5742488,73.1547325,474.7999878,-12.5344000,7.8414917
473287.0000000,33.5741367,73.1548168,475.0000000,-12.4150457,7.8090944
473288.0000000,33.5740240,73.1549005,475.2000122,-12.5076256,7.8551464
473289.0000000,33.5739108,73.1549857,475.8999939,-12.6041813,7.8851461
473290.0000000,33.5737962,73.1550708,475.8999939,-12.6517076,7.8964586
473291.0000000,33.5736825,73.1551562,476.1000061,-12.6081343,7.8204217
473292.0000000,33.5735697,73.1552402,476.2999878,-12.5019646,7.8060288
473293.0000000,33.5734567,73.1553235,477.2000122,-12.5174646,7.8491468
473294.0000000,33.5733447,73.1554077,477.7000122,-12.4392843,7.8091998
473295.0000000,33.5732333,73.1554930,477.7000122,-12.3934278,7.8529763
473296.0000000,33.5731223,73.1555783,477.7000122,-12.3127508,7.8743320
473297.0000000,33.5730107,73.1556627,478.1000061,-12.3479452,7.8574243
473298.0000000,33.5728992,73.1557470,478.5000000,-12.3576651,7.9091344
473299.0000000,33.5727880,73.1558317,478.8999939,-12.2716389,7.8812771
473300.0000000,33.5726775,73.1559165,479.2999878,-12.2422714,7.8413043
473301.0000000,33.5725667,73.1560010,479.7999878,-12.2926512,7.7620864
473302.0000000,33.5724553,73.1560847,479.7999878,-12.3740692,7.7291751
473303.0000000,33.5723432,73.1561680,480.1000061,-12.3905630,7.7124448
473304.0000000,33.5722325,73.1562498,480.5000000,-12.1227207,7.5780602
473305.0000000,33.5721235,73.1563300,480.5000000,-11.9686823,7.4556451
473306.0000000,33.5720155,73.1564100,480.7999878,-12.0241394,7.4931049
473307.0000000,33.5719068,73.1564902,481.0000000,-12.1031942,7.5218568
473308.0000000,33.5717975,73.1565710,481.5000000,-12.1499844,7.5245056
473309.0000000,33.5716865,73.1566532,481.7000122,-12.3243370,7.6533294
473310.0000000,33.5715747,73.1567357,482.2999878,-12.3656578,7.7329254
473311.0000000,33.5714635,73.1568198,482.2999878,-12.4422283,7.7657137
473312.0000000,33.5713518,73.1569045,482.5000000,-12.3678265,7.8549166
473313.0000000,33.5712407,73.1569895,482.7000122,-12.3572683,7.8906522
473314.0000000,33.5711290,73.1570748,482.8999939,-12.3609800,7.9325628
473315.0000000,33.5710168,73.1571598,483.1000061,-12.4345503,7.9033890
473316.0000000,33.5709045,73.1572443,483.3999939,-12.4681578,7.8212595
473317.0000000,33.5707927,73.1573288,483.6000061,-12.4259367,7.7917538
473318.0000000,33.5706810,73.1574122,483.5000000,-12.3203659,7.6986208
473319.0000000,33.5705713,73.1574937,483.7000122,-12.1126747,7.5747209
473320.0000000,33.5704642,73.1575745,483.8999939,-11.8445902,7.4502764
473321.0000000,33.5703575,73.1576548,484.0000000,-11.8037195,7.4475932
473322.0000000,33.5702495,73.1577347,484.0000000,-11.8654575,7.4460735
473323.0000000,33.5701410,73.1578153,484.1000061,-11.9940271,7.5121765
473324.0000000,33.5700312,73.1578965,484.1000061,-12.2587814,7.6126204
473325.0000000,33.5699197,73.1579782,484.1000061,-12.2965784,7.6004510
473326.0000000,33.5698085,73.1580595,484.1000061,-12.2007303,7.5500426
473327.0000000,33.5696967,73.1581432,484.0000000,-12.3509054,7.7177038
473328.0000000,33.5695833,73.1582280,483.7000122,-12.6000500,7.8917446
473329.0000000,33.5694692,73.1583147,483.2999878,-12.5826015,8.0252666
473330.0000000,33.5693558,73.1584010,483.1000061,-12.4583817,7.9521570
473331.0000000,33.5692422,73.1584882,482.7000122,-12.5977879,8.0969543
473332.0000000,33.5691270,73.1585773,482.3999939,-12.8357677,8.2974777
473333.0000000,33.5690098,73.1586680,482.2000122,-12.9728460,8.4924269
473334.0000000,33.5688917,73.1587598,482.0000000,-12.9845705,8.5682516
473335.0000000,33.5687757,73.1588523,481.6000061,-12.8085661,8.5357933
473336.0000000,33.5686592,73.1589457,481.2999878,-12.9346313,8.7081041
473337.0000000,33.5685427,73.1590392,481.0000000,-12.9869652,8.5926237
473338.0000000,33.5684228,73.1591322,480.6000061,-13.2315454,8.6420002
473339.0000000,33.5683035,73.1592237,480.1000061,-13.1965904,8.4688101
473340.0000000,33.5681840,73.1593175,479.6000061,-13.2126722,8.6989260
473341.0000000,33.5680635,73.1594122,479.6000061,-13.3618336,8.7904453
473342.0000000,33.5679422,73.1595063,478.7000122,-13.4254332,8.7119169
473343.0000000,33.5678215,73.1595998,478.7000122,-13.2931585,8.6227856
473344.0000000,33.5677015,73.1596923,477.8999939,-13.1938915,8.5583944
473345.0000000,33.5675823,73.1597847,477.8999939,-13.1568241,8.5964727
473346.0000000,33.5674638,73.1598772,477.2999878,-13.0867577,8.5344067
473347.0000000,33.5673468,73.1599683,477.2999878,-13.0068321,8.4402828
473348.0000000,33.5672292,73.1600585,476.7000122,-13.0756769,8.3044786
473349.0000000,33.5671117,73.1601468,476.7000122,-13.0060253,8.2125406
473350.0000000,33.5669952,73.1602340,476.2000122,-12.8104992,8.1078520
473351.0000000,33.5668798,73.1603202,476.2000122,-12.6727953,8.0176010
473352.0000000,33.5667665,73.1604053,476.0000000,-12.4991560,7.8589563
473353.0000000,33.5666547,73.1604888,475.8999939,-12.3485270,7.7312083
473354.0000000,33.5665452,73.1605717,475.7000122,-12.1001844,7.6139941
473355.0000000,33.5664368,73.1606532,475.5000000,-12.0075283,7.4711194
473356.0000000,33.5663290,73.1607330,475.1000061,-11.9294434,7.3333049
473357.0000000,33.5662215,73.1608113,474.7000122,-11.8794003,7.2968297
473358.0000000,33.5661133,73.1608892,474.7999878,-11.9753027,7.3471045
473359.0000000,33.5660037,73.1609702,474.7999878,-12.2690802,7.5568471
473360.0000000,33.5658913,73.1610520,474.6000061,-12.4238977,7.6193433
473361.0000000,33.5657802,73.1611345,474.6000061,-12.1613159,7.5550356
473362.0000000,33.5656705,73.1612157,474.5000000,-12.1342382,7.5206161
473363.0000000,33.5655617,73.1612975,474.6000061,-12.0707827,7.5543852
473364.0000000,33.5654517,73.1613797,474.7999878,-12.2297173,7.6301069
473365.0000000,33.5653430,73.1614612,474.5000000,-11.9360371,7.5077968
473366.0000000,33.5652348,73.1615418,474.3999939,-11.8698530,7.4777412
473367.0000000,33.5651257,73.1616235,474.3999939,-11.8493967,7.4908781
473368.0000000,33.5650185,73.1617043,474.2999878,-11.7937059,7.5018506
473369.0000000,33.5649133,73.1617842,474.2999878,-11.6142950,7.3621268
473370.0000000,33.5648082,73.1618630,474.1000061,-11.7426825,7.3319454
473371.0000000,33.5647005,73.1619427,473.8999939,-12.0036297,7.5065293
473372.0000000,33.5645907,73.1620245,474.0000000,-12.2183905,7.7062497
473373.0000000,33.5644803,73.1621083,473.7999878,-12.3135433,7.9112267
473374.0000000,33.5643685,73.1621932,473.7999878,-12.4947557,7.9141259
473375.0000000,33.5642553,73.1622792,473.6000061,-12.6665716,7.9889221
473376.0000000,33.5641423,73.1623663,473.2999878,-12.5394344,8.1587687
473377.0000000,33.5640293,73.1624517,473.0000000,-12.5036449,7.9289322
473378.0000000,33.5639182,73.1625348,472.7999878,-12.2528925,7.7190471
473379.0000000,33.5638092,73.1626143,472.7999878,-12.1499863,7.2572255
473380.0000000,33.5637017,73.1626932,472.7999878,-11.8847256,7.3860836
473381.0000000,33.5635952,73.1627732,472.6000061,-11.8519974,7.4578233
473382.0000000,33.5634888,73.1628532,472.6000061,-11.8744450,7.3538637
473383.0000000,33.5633805,73.1629320,472.2999878,-12.0889502,7.3386407
473384.0000000,33.5632693,73.1630100,472.2000122,-12.3329096,7.3723278
473385.0000000,33.5631582,73.1630888,472.2999878,-12.3636055,7.4111938
473386.0000000,33.5630452,73.1631700,472.2000122,-12.3441067,7.5526285
473387.0000000,33.5629342,73.1632493,472.1000061,-12.3091469,7.4517479
473388.0000000,33.5628205,73.1633335,472.1000061,-12.4977837,7.8611369
473389.0000000,33.5627093,73.1634170,472.2999878,-12.3551750,7.8075995
473390.0000000,33.5625987,73.1635005,472.2000122,-12.2863626,7.7431283
473391.0000000,33.5624865,73.1635843,471.7999878,-12.1514215,7.6966591
473392.0000000,33.5623762,73.1636675,471.7999878,-12.2080145,7.6551042
473393.0000000,33.5622647,73.1637492,471.5000000,-12.3361893,7.5655532
473394.0000000,33.5621540,73.1638317,471.1000061,-12.3078156,7.6311693
473395.0000000,33.5620433,73.1639137,470.8999939,-12.2025728,7.6250148
473396.0000000,33.5619318,73.1639963,470.7000122,-12.2532740,7.6894450
473397.0000000,33.5618195,73.1640807,470.1000061,-12.3088837,7.8325677
473398.0000000,33.5617068,73.1641653,469.5000000,-12.4267454,7.8194814
473399.0000000,33.5615932,73.1642507,468.7999878,-12.5293293,7.9268360
473400.0000000,33.5614792,73.1643380,468.2999878,-12.5333424,8.1019802
473401.0000000,33.5613653,73.1644240,468.2999878,-12.5316267,7.9712338
473402.0000000,33.5612513,73.1645093,467.7999878,-12.5820103,7.9878659
473403.0000000,33.5611377,73.1645937,467.3999939,-12.5887308,7.8418913
473404.0000000,33.5610240,73.1646768,466.7999878,-12.5129967,7.7493200
473405.0000000,33.5609102,73.1647605,466.2000122,-12.5482874,7.7802687
473406.0000000,33.5607968,73.1648450,465.5000000,-12.5186281,7.8956127
473407.0000000,33.5606835,73.1649297,465.2000122,-12.5200062,7.8934288
473408.0000000,33.5605705,73.1650150,464.7999878,-12.5066051,7.9338694
473409.0000000,33.5604570,73.1650995,464.3999939,-12.4809685,7.8201938
473410.0000000,33.5603442,73.1651838,463.8999939,-12.5051785,7.7716804
473411.0000000,33.5602310,73.1652682,463.1000061,-12.5346899,7.8021560
473412.0000000,33.5601178,73.1653537,463.1000061,-12.5054026,7.9453597
473413.0000000,33.5600048,73.1654398,462.6000061,-12.4649420,7.9227057
473414.0000000,33.5598908,73.1655252,462.1000061,-12.4851923,7.8714795
473415.0000000,33.5597772,73.1656097,461.3999939,-12.5202036,7.8447766
473416.0000000,33.5596633,73.1656950,460.8999939,-12.5603447,7.9066081
473417.0000000,33.5595505,73.1657805,460.3999939,-12.5722780,7.8682413
473418.0000000,33.5594367,73.1658650,460.1000061,-12.5641651,7.8326769
473419.0000000,33.5593233,73.1659493,459.1000061,-12.5632324,7.7168689
473420.0000000,33.5592093,73.1660330,459.1000061,-12.6421366,7.7653351
473421.0000000,33.5590950,73.1661165,458.6000061,-12.6320391,7.7227383
473422.0000000,33.5589815,73.1662007,458.0000000,-12.5484390,7.8868876
473423.0000000,33.5588677,73.1662858,457.8999939,-12.5596542,8.0229712
473424.0000000,33.5587543,73.1663728,457.7000122,-12.5499620,8.0476580
473425.0000000,33.5586408,73.1664595,457.2999878,-12.6069593,8.0253344
473426.0000000,33.5585282,73.1665455,457.0000000,-12.4777384,7.9982715
473427.0000000,33.5584147,73.1666327,457.0000000,-12.5234995,8.1266422
473428.0000000,33.5583007,73.1667172,456.7000122,-12.6801147,7.9480543
473429.0000000,33.5581878,73.1668015,456.2999878,-12.5353727,7.8786750
473430.0000000,33.5580750,73.1668858,456.2000122,-12.4925213,7.8791466
473431.0000000,33.5579620,73.1669702,455.8999939,-12.4098616,7.7786560
473432.0000000,33.5578498,73.1670535,455.3999939,-12.3845167,7.7026858
473433.0000000,33.5577383,73.1671368,455.2000122,-12.3582830,7.7253132
473434.0000000,33.5576267,73.1672203,454.8999939,-12.2814007,7.7220407
473435.0000000,33.5575155,73.1673035,454.7000122,-12.2558975,7.7239285
473436.0000000,33.5574037,73.1673867,454.6000061,-12.3019066,7.6990318
473437.0000000,33.5572917,73.1674692,454.3999939,-12.4458246,7.6327906
473438.0000000,33.5571783,73.1675523,454.3999939,-12.5770483,7.7435050
473439.0000000,33.5570633,73.1676363,454.2999878,-12.6174898,7.9026675
473440.0000000,33.5569483,73.1677232,454.0000000,-12.7160606,8.1698360
473441.0000000,33.5568323,73.1678107,454.2000122,-12.8425198,8.1438227
473442.0000000,33.5567155,73.1678988,454.3999939,-12.9405355,8.1427813
473443.0000000,33.5565983,73.1679868,454.3999939,-12.9317312,8.1277924
473444.0000000,33.5564827,73.1680753,454.5000000,-12.7450161,8.2198992
473445.0000000,33.5563688,73.1681665,454.7999878,-12.5549755,8.5804873
473446.0000000,33.5562555,73.1682607,455.0000000,-12.3791294,8.8234291
473447.0000000,33.5561450,73.1683528,455.3999939,-12.1652880,8.5467348
473448.0000000,33.5560338,73.1684408,455.7999878,-12.2959175,8.0799780
473449.0000000,33.5559225,73.1685262,455.7999878,-12.2967787,7.9277701
473450.0000000,33.5558125,73.1686083,456.0000000,-12.1155376,7.6089039
473451.0000000,33.5557063,73.1686932,456.2000122,-11.7118340,7.8344684
473452.0000000,33.5556008,73.1687723,455.7999878,-11.6132421,7.4212670
473453.0000000,33.5554975,73.1688493,456.3999939,-11.3487864,7.1273623
473454.0000000,33.5553967,73.1689243,456.8999939,-11.0669985,7.0531712
473455.0000000,33.5552982,73.1689997,457.1000061,-10.8572397,6.9515057
473456.0000000,33.5552013,73.1690723,457.7999878,-10.5858669,6.7647386
473457.0000000,33.5551065,73.1691425,458.0000000,-10.3814507,6.5781069
473458.0000000,33.5550137,73.1692120,458.0000000,-10.2061396,6.4895144
473459.0000000,33.5549220,73.1692798,458.3999939,-10.0383272,6.3410635
473460.0000000,33.5548303,73.1693487,458.3999939,-10.1525288,6.4107256
473461.0000000,33.5547368,73.1694180,458.5000000,-10.3555603,6.4257250
473462.0000000,33.5546417,73.1694885,458.7000122,-10.5870314,6.4420800
473463.0000000,33.5545445,73.1695592,458.6000061,-10.8503599,6.5634489
473464.0000000,33.5544447,73.1696307,458.1000061,-11.0918741,6.7307134
473465.0000000,33.5543438,73.1697035,458.1000061,-11.2170401,6.8120241
473466.0000000,33.5542433,73.1697775,457.8999939,-11.2108326,6.9889908
473467.0000000,33.5541417,73.1698520,457.8999939,-11.2944736,6.9810548
473468.0000000,33.5540393,73.1699278,458.1000061,-11.3201647,7.1148982
473469.0000000,33.5539372,73.1700038,458.1000061,-11.2760305,7.1173983
473470.0000000,33.5538353,73.1700793,458.0000000,-11.2043457,7.0284719
473471.0000000,33.5537342,73.1701550,458.0000000,-11.2225132,6.9799647
473472.0000000,33.5536320,73.1702303,458.0000000,-11.3263178,7.0857182
473473.0000000,33.5535297,73.1703070,458.2000122,-11.3062916,7.1945834
473474.0000000,33.5534252,73.1703858,458.6000061,-11.4439077,7.2849593
473475.0000000,33.5533213,73.1704650,458.7999878,-11.4795008,7.3725386
473476.0000000,33.5532170,73.1705438,459.1000061,-11.5552511,7.3303552
473477.0000000,33.5531127,73.1706222,459.2000122,-11.5398722,7.3545413
473478.0000000,33.5530050,73.1707020,459.3999939,-11.8662930,7.4350567
473479.0000000,33.5528958,73.1707817,459.3999939,-12.0653048,7.3675838
473480.0000000,33.5527852,73.1708597,459.7000122,-12.2831850,7.3251519
473481.0000000,33.5526747,73.1709418,459.7000122,-12.2822151,7.5059257
473482.0000000,33.5525635,73.1710238,459.2000122,-12.2835407,7.5627961
473483.0000000,33.5524535,73.1711067,459.0000000,-12.1018820,7.5239692
473484.0000000,33.5523453,73.1711893,458.5000000,-11.9477892,7.5180998
473485.0000000,33.5522385,73.1712710,458.2000122,-11.8441324,7.4413376
473486.0000000,33.5521322,73.1713513,458.1000061,-11.7778177,7.3824830
473487.0000000,33.5520258,73.1714302,457.8999939,-11.7454500,7.3080540
473488.0000000,33.5519200,73.1715097,457.7000122,-11.7411547,7.3537955
473489.0000000,33.5518135,73.1715898,457.3999939,-11.8659134,7.4550214
473490.0000000,33.5517053,73.1716712,457.2999878,-12.0384388,7.5575547
473491.0000000,33.5515968,73.1717520,457.0000000,-12.0001402,7.4926982
473492.0000000,33.5514875,73.1718320,457.0000000,-12.0208492,7.3317995
473493.0000000,33.5513803,73.1719108,456.3999939,-11.8288202,7.2316818
473494.0000000,33.5512712,73.1719880,456.3999939,-12.1299343,7.1194386
473495.0000000,33.5511598,73.1720653,456.5000000,-12.3407383,7.1048379
473496.0000000,33.5510543,73.1721402,456.2000122,-11.8536501,7.0409813
473497.0000000,33.5509382,73.1722158,455.8999939,-12.9902449,6.8866925
473498.0000000,33.5508267,73.1722925,455.8999939,-12.1631908,7.0111055
473499.0000000,33.5507125,73.1723725,455.7000122,-12.4289989,7.4621911
473500.0000000,33.5506035,73.1724530,455.5000000,-11.9342928,7.4718633
473501.0000000,33.5504957,73.1725345,455.2000122,-11.7450037,7.5112424
473502.0000000,33.5503892,73.1726145,455.1000061,-11.7387123,7.2896605
473503.0000000,33.5502837,73.1726937,454.8999939,-11.6775618,7.3196416
473504.0000000,33.5501763,73.1727703,454.7999878,-11.8688793,7.0556331
473505.0000000,33.5500677,73.1728503,454.7000122,-11.9895134,7.3731141
473506.0000000,33.5499582,73.1729272,454.3999939,-12.0610361,7.2355461
473507.0000000,33.5498490,73.1730085,454.7000122,-12.0302534,7.5027456
473508.0000000,33.5497388,73.1730910,454.5000000,-12.1136055,7.6312995
473509.0000000,33.5496283,73.1731720,454.7000122,-12.2203703,7.5769515
473510.0000000,33.5495165,73.1732550,455.1000061,-12.3367167,7.6431298
473511.0000000,33.5494033,73.1733358,455.0000000,-12.4216661,7.4843626
473512.0000000,33.5492902,73.1734150,455.0000000,-12.3760719,7.4304147
473513.0000000,33.5491783,73.1734980,455.0000000,-12.3593407,7.6064911
473514.0000000,33.5490670,73.1735797,455.1000061,-12.3355761,7.6156321
473515.0000000,33.5489538,73.1736622,455.1000061,-12.4942493,7.6325097
473516.0000000,33.5488413,73.1737448,455.0000000,-12.5591955,7.8600540
473517.0000000,33.5487293,73.1738295,455.3999939,-12.3872175,7.8915286
473518.0000000,33.5486178,73.1739138,455.6000061,-12.1166430,7.7608380
473519.0000000,33.5485090,73.1739950,456.0000000,-11.9849482,7.5941472
473520.0000000,33.5484008,73.1740745,457.1000061,-11.9656792,7.4798918
473521.0000000,33.5482927,73.1741535,457.5000000,-11.9802141,7.4077978
473522.0000000,33.5481845,73.1742328,457.5000000,-11.9336929,7.2672162
473523.0000000,33.5480777,73.1743087,457.6000061,-11.7954302,7.0482411
473524.0000000,33.5479735,73.1743843,457.8999939,-11.4765110,7.1462774
473525.0000000,33.5478692,73.1744580,458.2000122,-11.5389996,6.9855142
473526.0000000,33.5477628,73.1745357,458.6000061,-11.7370234,7.2630920
473527.0000000,33.5476573,73.1746162,458.8999939,-11.6996021,7.3619294
473528.0000000,33.5475517,73.1746970,458.8999939,-11.7207747,7.4439678
473529.0000000,33.5474460,73.1747785,458.8999939,-11.7795973,7.3893270
473530.0000000,33.5473397,73.1748597,458.6000061,-11.7500772,7.3879666
473531.0000000,33.5472338,73.1749413,458.3999939,-11.7053623,7.5349193
473532.0000000,33.5471290,73.1750242,458.7999878,-11.6458225,7.6266198
473533.0000000,33.5470242,73.1751027,458.7999878,-11.6150837,7.2156973
473534.0000000,33.5469217,73.1751798,459.1000061,-11.3717699,7.1003532
473535.0000000,33.5468212,73.1752567,459.5000000,-11.0916624,7.0335522
473536.0000000,33.5467233,73.1753333,459.6000061,-10.8898773,6.9002662
473537.0000000,33.5466242,73.1754053,459.6000061,-10.9898100,6.6609087
473538.0000000,33.5465255,73.1754777,459.8999939,-10.9855108,6.6976919
473539.0000000,33.5464270,73.1755512,460.0000000,-10.9184675,6.7381177
473540.0000000,33.5463287,73.1756240,460.3999939,-10.9202728,6.7155704
473541.0000000,33.5462322,73.1756998,460.3999939,-10.7609501,6.9110599
473542.0000000,33.5461323,73.1757722,460.2000122,-11.1351957,6.7782946
473543.0000000,33.5460328,73.1758447,460.3999939,-11.2204418,6.6463304
473544.0000000,33.5459363,73.1759192,460.1000061,-10.8679895,6.8095503
473545.0000000,33.5458388,73.1759923,459.7000122,-10.9167643,6.6819406
473546.0000000,33.5457418,73.1760655,459.2000122,-10.8279476,6.8345695
473547.0000000,33.5456447,73.1761417,459.2000122,-10.7649593,7.1495152
473548.0000000,33.5455480,73.1762178,459.2999878,-10.7512455,7.0676198
473549.0000000,33.5454508,73.1762937,459.1000061,-10.7370710,7.0797944
473550.0000000,33.5453527,73.1763665,459.3999939,-10.7924595,6.9286366
473551.0000000,33.5452553,73.1764408,459.3999939,-10.8457451,6.9121628
473552.0000000,33.5451577,73.1765157,458.8999939,-10.8743277,7.0295362
473553.0000000,33.5450572,73.1765890,458.6000061,-11.1567125,6.9201512
473554.0000000,33.5449572,73.1766603,458.5000000,-10.9724598,6.9043775
473555.0000000,33.5448582,73.1767353,458.8999939,-11.1237688,7.0212913
473556.0000000,33.5447565,73.1768082,458.7000122,-11.3667488,7.0010772
473557.0000000,33.5446567,73.1768852,459.6000061,-11.1180048,7.2588029
473558.0000000,33.5445563,73.1769612,459.3999939,-11.2257137,7.1295505
473559.0000000,33.5444563,73.1770453,459.5000000,-11.3892002,7.6965833
473560.0000000,33.5443530,73.1771230,458.5000000,-11.5684738,7.3670931
473561.0000000,33.5442497,73.1772002,458.7000122,-11.5799170,7.4256163
473562.0000000,33.5441435,73.1772778,459.5000000,-11.6869154,7.5634999
473563.0000000,33.5440353,73.1773580,460.2000122,-11.9724731,7.5657592
473564.0000000,33.5439280,73.1774390,460.1000061,-11.9476938,7.6526246
473565.0000000,33.5438198,73.1775207,460.1000061,-11.9602814,7.6901612
473566.0000000,33.5437107,73.1776025,460.3999939,-11.9977121,7.6699057
473567.0000000,33.5436057,73.1776862,460.5000000,-11.7544813,7.9553909
473568.0000000,33.5434955,73.1777712,461.0000000,-12.3497267,7.7680087
473569.0000000,33.5433843,73.1778542,460.7000122,-12.3793879,7.8077922
473570.0000000,33.5432727,73.1779355,460.8999939,-12.3495541,7.9313173
473571.0000000,33.5431598,73.1780193,461.3999939,-12.4126062,7.9473519
473572.0000000,33.5430478,73.1781062,461.7000122,-12.4356899,8.0634947
473573.0000000,33.5429360,73.1781887,461.6000061,-12.3186903,7.8267312
473574.0000000,33.5428200,73.1782698,462.0000000,-12.7353945,7.7310672
473575.0000000,33.5427052,73.1783507,462.3999939,-12.6370754,7.6352096
473576.0000000,33.5425910,73.1784343,462.7000122,-12.6712713,7.8259354
473577.0000000,33.5424790,73.1785175,462.7000122,-12.3643589,7.8891058
473578.0000000,33.5423687,73.1785977,463.1000061,-12.1521273,7.7626472
473579.0000000,33.5422628,73.1786793,464.2999878,-11.8066635,7.7378416
473580.0000000,33.5421548,73.1787615,465.1000061,-12.0427017,7.7045894
473581.0000000,33.5420522,73.1788422,465.7000122,-11.4584532,7.6302867
473582.0000000,33.5419470,73.1789212,466.8999939,-11.6419582,7.3568969
473583.0000000,33.5418400,73.1789958,468.0000000,-11.8005552,7.1494851
473584.0000000,33.5417347,73.1790690,468.0000000,-11.7869968,6.9819241
473585.0000000,33.5416310,73.1791397,468.2000122,-11.7040997,6.6948657
473586.0000000,33.5415280,73.1792125,468.3999939,-11.6755352,6.9076409
473587.0000000,33.5414237,73.1792837,469.2000122,-11.6243277,6.8527184
473588.0000000,33.5413213,73.1793517,469.6000061,-11.6788216,6.5726233
473589.0000000,33.5412167,73.1794175,470.0000000,-11.8224659,6.5155878
473590.0000000,33.5411123,73.1794847,471.0000000,-11.7910986,6.3037982
473591.0000000,33.5410078,73.1795512,471.3999939,-11.8497705,6.2371073
473592.0000000,33.5409070,73.1796145,471.3999939,-11.7334881,6.0483274
473593.0000000,33.5408087,73.1796748,472.2000122,-11.4078445,5.7925372
473594.0000000,33.5407107,73.1797412,472.2000122,-11.1235542,6.3524866
473595.0000000,33.5406127,73.1798062,472.3999939,-11.2774611,6.2254934
473596.0000000,33.5405140,73.1798597,473.1000061,-11.5111017,5.5845270
473597.0000000,33.5404153,73.1799170,474.0000000,-11.2814827,5.5854602
473598.0000000,33.5403127,73.1799770,474.0000000,-11.3091450,5.5991559
473599.0000000,33.5402080,73.1800340,474.0000000,-11.5134325,5.3150773
473600.0000000,33.5401022,73.1800887,473.7000122,-11.6308966,5.1298351
473601.0000000,33.5399992,73.1801395,473.2000122,-11.3852873,4.9079905
473602.0000000,33.5398968,73.1801872,473.2000122,-11.3887835,4.6059937
473603.0000000,33.5397957,73.1802348,473.1000061,-11.2495775,4.3566494
473604.0000000,33.5396955,73.1802803,472.8999939,-11.1308546,4.2928061
473605.0000000,33.5395930,73.1803295,471.8999939,-11.1634140,4.3793902
473606.0000000,33.5394962,73.1803687,472.7000122,-11.2680941,4.1771393
473607.0000000,33.5393982,73.1804107,472.7000122,-10.9930296,3.9707429
473608.0000000,33.5392978,73.1804527,472.7999878,-11.0464125,3.8510909
473609.0000000,33.5391978,73.1804940,472.7000122,-11.1998119,3.9111485
473610.0000000,33.5390980,73.1805343,472.7000122,-11.2754898,3.9751508
473611.0000000,33.5389943,73.1805750,473.1000061,-11.5949297,3.8683617
473612.0000000,33.5388880,73.1806147,473.2000122,-11.8661480,3.7322750
473613.0000000,33.5387835,73.1806542,473.2999878,-11.7928476,3.8431091
473614.0000000,33.5386750,73.1806968,473.7000122,-12.2473841,3.9086401
473615.0000000,33.5385650,73.1807348,473.6000061,-12.3900423,3.5060282
473616.0000000,33.5384557,73.1807728,473.7000122,-12.3276157,3.5745058
473617.0000000,33.5383457,73.1808022,473.8999939,-12.5430212,2.8888690
473618.0000000,33.5382312,73.1808382,474.1000061,-12.8279419,3.3868945
473619.0000000,33.5381162,73.1808720,474.0000000,-12.8775225,3.2776513
473620.0000000,33.5379988,73.1809050,474.2999878,-13.1082268,3.1373305
473621.0000000,33.5378818,73.1809375,474.3999939,-13.1269503,3.1030793
473622.0000000,33.5377630,73.1809692,474.7999878,-13.2915297,3.1223962
473623.0000000,33.5376412,73.1809992,475.3999939,-13.6131153,2.9109459
473624.0000000,33.5375197,73.1810250,475.6000061,-13.4828453,2.6232421
473625.0000000,33.5373943,73.1810477,476.1000061,-13.8606558,2.3269379
473626.0000000,33.5372683,73.1810690,476.7000122,-13.9788866,2.2741013
473627.0000000,33.5371447,73.1810890,477.2999878,-13.8589840,2.2421837
473628.0000000,33.5370198,73.1811098,478.3999939,-13.8926086,2.0936189
473629.0000000,33.5368948,73.1811285,479.3999939,-14.0204182,1.9654521
473630.0000000,33.5367703,73.1811493,480.2000122,-13.9295330,1.8709698
473631.0000000,33.5366422,73.1811707,481.1000061,-13.9405432,1.7042742
473632.0000000,33.5365157,73.1811893,481.1000061,-13.8262701,1.5753043
473633.0000000,33.5363872,73.1812128,481.3999939,-13.9652796,2.0597212
473634.0000000,33.5362583,73.1812280,481.8999939,-14.1128063,1.3042380
473635.0000000,33.5361287,73.1812422,481.8999939,-14.0450974,1.2534919
473636.0000000,33.5360013,73.1812512,483.1000061,-13.5869312,0.9095879
473637.0000000,33.5358700,73.1812620,483.1000061,-13.8054762,0.7936016
473638.0000000,33.5357347,73.1812722,483.7999878,-14.3253422,0.7056393
473639.0000000,33.5356010,73.1812757,484.3999939,-14.4705372,0.4143105
473640.0000000,33.5354693,73.1812787,485.5000000,-14.5670643,0.2415547
473641.0000000,33.5353373,73.1812810,486.7999878,-14.5636349,0.0915074
473642.0000000,33.5352058,73.1812827,486.7999878,-14.7284155,-0.0616957
473643.0000000,33.5350747,73.1812823,487.6000061,-14.5789633,-0.1068696
473644.0000000,33.5349458,73.1812803,488.3999939,-14.3671694,-0.1905846
473645.0000000,33.5348222,73.1812778,489.2999878,-13.7743750,-0.2596703
473646.0000000,33.5346988,73.1812760,490.6000061,-13.7197561,-0.3928137
473647.0000000,33.5345755,73.1812708,491.6000061,-13.8300991,-0.6135096
473648.0000000,33.5344505,73.1812630,492.2000122,-14.0013390,-0.7926024
473649.0000000,33.5343248,73.1812542,492.7999878,-14.1505566,-0.9622077
473650.0000000,33.5341988,73.1812423,493.7999878,-14.1847544,-1.1911278
473651.0000000,33.5340710,73.1812292,494.8999939,-14.2201529,-1.3166604
473652.0000000,33.5339428,73.1812138,495.2999878,-14.2828579,-1.4684333
473653.0000000,33.5338155,73.1811970,495.5000000,-14.3146744,-1.6056484
473654.0000000,33.5336872,73.1811810,495.8999939,-14.3592281,-1.5294877
473655.0000000,33.5335553,73.1811675,496.2999878,-14.5663471,-1.3717940
473656.0000000,33.5334250,73.1811548,496.2000122,-14.3837337,-1.2786531
473657.0000000,33.5332960,73.1811410,496.2999878,-14.3018026,-1.3821456
473658.0000000,33.5331672,73.1811270,495.7000122,-14.3495712,-1.3690702
473659.0000000,33.5330390,73.1811107,495.3999939,-14.2877092,-1.6152494
473660.0000000,33.5329110,73.1810960,495.3999939,-14.2567577,-1.4707791
473661.0000000,33.5327832,73.1810817,495.5000000,-14.2360315,-1.4711518
473662.0000000,33.5326548,73.1810655,495.2999878,-14.1689205,-1.4192419
473663.0000000,33.5325253,73.1810505,494.8999939,-14.2525053,-1.3572993
473664.0000000,33.5323955,73.1810360,494.6000061,-14.3027573,-1.4250847
473665.0000000,33.5322660,73.1810180,494.5000000,-14.3292532,-1.7035887
473666.0000000,33.5321357,73.1810067,494.5000000,-14.5454807,-1.2597735
473667.0000000,33.5320047,73.1809887,495.2999878,-14.6224928,-1.5833471
473668.0000000,33.5318742,73.1809682,495.1000061,-14.5772371,-1.8777318
473669.0000000,33.5317437,73.1809572,495.2000122,-14.5819845,-1.3142338
473670.0000000,33.5316115,73.1809400,496.0000000,-14.8694134,-1.6442237
473671.0000000,33.5314787,73.1809267,496.5000000,-14.7841072,-1.3636733
473672.0000000,33.5313467,73.1809078,497.0000000,-14.7562466,-1.6838696
473673.0000000,33.5312132,73.1808898,497.1000061,-15.0096645,-1.6862565
473674.0000000,33.5310778,73.1808715,497.3999939,-15.0629120,-1.6257174
473675.0000000,33.5309438,73.1808552,497.3999939,-14.9275465,-1.4847058
473676.0000000,33.5308120,73.1808363,497.3999939,-14.6694336,-1.7180709
473677.0000000,33.5306767,73.1808202,497.3999939,-14.9892368,-1.4881998
473678.0000000,33.5305460,73.1808040,497.3999939,-14.7423677,-1.5260770
473679.0000000,33.5304177,73.1807877,498.0000000,-14.3992691,-1.5896926
473680.0000000,33.5302865,73.1807717,498.7999878,-14.4506931,-1.4958839
473681.0000000,33.5301543,73.1807553,498.8999939,-14.6400347,-1.5645700
473682.0000000,33.5300238,73.1807430,498.7999878,-14.5169010,-1.2317768
473683.0000000,33.5298968,73.1807330,499.2999878,-14.1672831,-1.0180097
473684.0000000,33.5297718,73.1807197,500.0000000,-14.0186005,-1.2609911
473685.0000000,33.5296488,73.1807040,500.3999939,-13.7038507,-1.5129176
473686.0000000,33.5295222,73.1806887,500.6000061,-14.0195847,-1.4636230
473687.0000000,33.5293975,73.1806715,500.3999939,-13.9551725,-1.6689953
473688.0000000,33.5292722,73.1806582,500.3999939,-14.0624847,-1.2896866
473689.0000000,33.5291468,73.1806437,500.6000061,-13.8842583,-1.4715444
473690.0000000,33.5290232,73.1806287,500.7000122,-13.8995457,-1.4241186
473691.0000000,33.5289005,73.1806140,500.6000061,-13.7309971,-1.5013628
473692.0000000,33.5287780,73.1805962,500.7000122,-13.6156168,-1.6910888
473693.0000000,33.5286557,73.1805793,500.5000000,-13.6574755,-1.6454810
473694.0000000,33.5285325,73.1805632,500.6000061,-13.6951427,-1.6766982
473695.0000000,33.5284105,73.1805455,500.7999878,-13.6555681,-1.7033112
473696.0000000,33.5282863,73.1805272,501.0000000,-13.8390045,-1.6869575
473697.0000000,33.5281613,73.1805115,500.7000122,-13.8425369,-1.6138791
473698.0000000,33.5280352,73.1804982,500.8999939,-14.0164595,-1.3397571
473699.0000000,33.5279093,73.1804833,501.2999878,-13.9599581,-1.4894266
473700.0000000,33.5277838,73.1804653,501.5000000,-14.0027142,-1.7044334
473701.0000000,33.5276572,73.1804503,501.6000061,-14.0485554,-1.5782810
473702.0000000,33.5275290,73.1804338,502.1000061,-14.1592131,-1.5606890
473703.0000000,33.5274007,73.1804168,502.1000061,-14.2275047,-1.6436630
473704.0000000,33.5272720,73.1803973,502.2999878,-14.2462282,-1.8300388
473705.0000000,33.5271425,73.1803803,502.0000000,-14.4347849,-1.5961635
473706.0000000,33.5270130,73.1803610,502.1000061,-14.4135866,-1.7774284
473707.0000000,33.5268820,73.1803425,502.1000061,-14.6059713,-1.6848032
473708.0000000,33.5267497,73.1803295,502.1000061,-14.5645885,-1.4434720
473709.0000000,33.5266182,73.1803125,502.6000061,-14.5179195,-1.6849169
473710.0000000,33.5264848,73.1802995,502.8999939,-14.6063032,-1.4913800
473711.0000000,33.5263532,73.1802838,503.5000000,-14.4600515,-1.4025335
473712.0000000,33.5262212,73.1802710,503.7999878,-14.4822121,-1.2746712
473713.0000000,33.5260877,73.1802560,504.0000000,-14.9124823,-1.1919721
473714.0000000,33.5259460,73.1802510,504.2000122,-15.6537342,-0.4317815
473715.0000000,33.5258200,73.1802415,504.7000122,-14.3074226,-1.0054899
473716.0000000,33.5256938,73.1802438,505.6000061,-14.0390759,0.0563555
473717.0000000,33.5255673,73.1802318,506.1000061,-14.2178783,-1.0316224
473718.0000000,33.5254410,73.1802210,507.0000000,-14.1392956,-1.2395157
473719.0000000,33.5253158,73.1802092,507.8999939,-13.9598017,-1.2827262
473720.0000000,33.5251903,73.1801958,509.2999878,-14.0038681,-1.3089603
473721.0000000,33.5250647,73.1801753,510.3999939,-13.9837942,-1.8136953
473722.0000000,33.5249378,73.1801608,510.3999939,-14.0250540,-1.3578709
473723.0000000,33.5248118,73.1801435,510.8999939,-13.9304419,-1.5231704
473724.0000000,33.5246858,73.1801265,511.1000061,-13.9852657,-1.3417016
473725.0000000,33.5245592,73.1801132,511.3999939,-14.0354700,-1.1859926
473726.0000000,33.5244330,73.1800965,512.2000122,-14.0123844,-1.4332088
473727.0000000,33.5243067,73.1800813,512.7000122,-14.0130358,-1.2654214
473728.0000000,33.5241805,73.1800632,513.0999756,-14.0781479,-1.3431741
473729.0000000,33.5240545,73.1800448,513.2000122,-13.9955826,-1.5426528
473730.0000000,33.5239285,73.1800247,513.4000244,-14.0486450,-1.7523412
473731.0000000,33.5238023,73.1800007,513.4000244,-13.9438429,-2.0640221
473732.0000000,33.5236762,73.1799805,512.7999878,-14.0290995,-2.0141275
473733.0000000,33.5235492,73.1799628,513.5999756,-13.9220142,-1.6428504
473734.0000000,33.5234227,73.1799487,513.5999756,-14.0060015,-1.5883533
473735.0000000,33.5232963,73.1799350,514.2999878,-14.0013971,-1.4394960
473736.0000000,33.5231702,73.1799205,514.0999756,-13.9574203,-1.4645208
473737.0000000,33.5230440,73.1798985,514.2999878,-14.0405340,-2.0783346
473738.0000000,33.5229172,73.1798780,514.0999756,-14.0102911,-2.0363886
473739.0000000,33.5227887,73.1798590,514.2999878,-14.2286797,-1.9237944
473740.0000000,33.5226640,73.1798372,514.4000244,-13.8042927,-2.0581391
473741.0000000,33.5225383,73.1798197,514.7000122,-13.9960670,-1.7581874
473742.0000000,33.5224103,73.1798105,514.7999878,-14.1841621,-1.0690033
473743.0000000,33.5222848,73.1798038,515.2000122,-13.9873285,-0.8555014
473744.0000000,33.5221568,73.1797923,515.4000244,-14.1645699,-1.0550936
473745.0000000,33.5220277,73.1797828,515.9000244,-14.2353258,-0.9280419
473746.0000000,33.5218987,73.1797645,516.7000122,-14.2193928,-1.4819740
473747.0000000,33.5217687,73.1797497,517.2999878,-14.4307346,-1.4378359
473748.0000000,33.5216407,73.1797325,517.7000122,-14.2218151,-1.6027726
473749.0000000,33.5215198,73.1797068,518.4000244,-13.5168467,-2.2619457
473750.0000000,33.5213978,73.1796873,518.2000122,-13.4772539,-1.7193048
473751.0000000,33.5212738,73.1796718,519.2000122,-13.7706108,-1.3696361
473752.0000000,33.5211523,73.1796532,519.7999878,-13.6141253,-1.7440102
473753.0000000,33.5210337,73.1796342,519.9000244,-13.3445005,-1.8208518
473754.0000000,33.5209125,73.1796213,520.2999878,-13.5600719,-1.4060820
473755.0000000,33.5207890,73.1796093,520.7000122,-13.7779999,-1.2369248
473756.0000000,33.5206680,73.1795987,520.9000244,-13.6215239,-1.0720356
473757.0000000,33.5205408,73.1795922,521.2000122,-14.1472015,-0.7637078
473758.0000000,33.5204115,73.1795912,521.5999756,-14.4689837,-0.2601348
473759.0000000,33.5202812,73.1795770,522.4000244,-14.4324589,-1.0598530
473760.0000000,33.5201503,73.1795557,522.9000244,-14.5421686,-1.7855554
473761.0000000,33.5200175,73.1795445,522.7999878,-14.6845655,-1.2021296
473762.0000000,33.5198832,73.1795250,523.7999878,-14.7337828,-1.4576440
473763.0000000,33.5197525,73.1795033,524.2000122,-14.4368296,-1.7138233
473764.0000000,33.5196233,73.1794838,524.7000122,-14.3606644,-1.6565070
473765.0000000,33.5194947,73.1794663,525.0999756,-14.2671442,-1.5675454
473766.0000000,33.5193670,73.1794483,525.7000122,-14.1495295,-1.5546230
473767.0000000,33.5192405,73.1794287,526.2999878,-13.9035788,-1.7514988
473768.0000000,33.5191172,73.1794052,526.7999878,-13.6349821,-2.1108053
473769.0000000,33.5189930,73.1793862,526.9000244,-13.7600574,-1.7382981
473770.0000000,33.5188698,73.1793652,528.0000000,-13.4792194,-1.8608048
473771.0000000,33.5187450,73.1793463,528.0000000,-13.6309319,-1.6929910
473772.0000000,33.5186175,73.1793272,528.5999756,-13.9693165,-1.7647337
473773.0000000,33.5184872,73.1793143,528.7000122,-14.2477846,-1.2390041
473774.0000000,33.5183582,73.1793010,529.5999756,-14.1896267,-1.3663059
473775.0000000,33.5182315,73.1792820,530.2999878,-13.9467373,-1.7791973
473776.0000000,33.5181013,73.1792637,530.4000244,-14.2056246,-1.6536981
473777.0000000,33.5179723,73.1792473,530.7000122,-14.2718086,-1.6184973
473778.0000000,33.5178412,73.1792333,531.2999878,-14.5782576,-1.3549501
473779.0000000,33.5177120,73.1792148,531.9000244,-14.2502308,-1.6261269
473780.0000000,33.5175840,73.1791970,532.0999756,-14.1416826,-1.5787473
473781.0000000,33.5174547,73.1791817,532.2000122,-14.2913198,-1.3836502
473782.0000000,33.5173260,73.1791593,533.0000000,-14.2922421,-1.9527113
473783.0000000,33.5171965,73.1791398,533.2999878,-14.3101349,-1.6456172
473784.0000000,33.5170675,73.1791208,533.2000122,-14.2577353,-1.5589570
473785.0000000,33.5169405,73.1791035,533.0999756,-13.9594049,-1.6769152
473786.0000000,33.5168138,73.1790845,533.2000122,-14.1077433,-1.7772183
473787.0000000,33.5166853,73.1790658,533.2999878,-14.1069365,-1.6996330
473788.0000000,33.5165593,73.1790488,533.4000244,-13.8759985,-1.5932393
473789.0000000,33.5164335,73.1790315,533.5999756,-13.8351116,-1.5885447
473790.0000000,33.5163077,73.1790192,533.7999878,-13.8994169,-1.0817031
473791.0000000,33.5161833,73.1790088,534.2000122,-13.7211847,-0.9065484
473792.0000000,33.5160580,73.1789935,534.7999878,-13.7383547,-1.1584717
473793.0000000,33.5159337,73.1789807,535.2000122,-13.5806007,-0.9996793
473794.0000000,33.5158085,73.1789613,535.9000244,-13.7594137,-1.3782233
473795.0000000,33.5156838,73.1789445,535.9000244,-13.6414413,-1.3688112
473796.0000000,33.5155630,73.1789277,536.5999756,-13.2866898,-1.3988315
473797.0000000,33.5154450,73.1789115,536.9000244,-13.0062618,-1.3096616
473798.0000000,33.5153265,73.1788935,537.5000000,-13.0481949,-1.4036647
473799.0000000,33.5152047,73.1788778,538.0999756,-13.2788649,-1.4237907
473800.0000000,33.5150892,73.1788620,538.2999878,-12.8333817,-1.4735264
473801.0000000,33.5149707,73.1788470,538.9000244,-13.1388035,-1.3786252
473802.0000000,33.5148543,73.1788318,538.7999878,-12.8764725,-1.4124765
473803.0000000,33.5147442,73.1788182,538.7000122,-12.4957161,-1.2450364
473804.0000000,33.5146290,73.1788030,539.0000000,-12.6557217,-1.2475935
473805.0000000,33.5145162,73.1787905,539.0000000,-12.4906168,-0.8800001
473806.0000000,33.5144093,73.1787735,539.0000000,-11.8957434,-1.1957412
473807.0000000,33.5143028,73.1787578,539.0999756,-11.9062948,-1.0856540
473808.0000000,33.5141963,73.1787450,539.0999756,-11.8531322,-0.9203726
473809.0000000,33.5140877,73.1787327,539.0999756,-12.1393633,-0.9553871
473810.0000000,33.5139778,73.1787217,538.7999878,-11.9194851,-0.9297105
473811.0000000,33.5138628,73.1787183,538.7999878,-12.2588491,-0.0941443
473812.0000000,33.5137507,73.1787187,539.0000000,-12.2072792,0.3708334
473813.0000000,33.5136293,73.1787302,539.2000122,-12.8392696,1.3245435
473814.0000000,33.5135110,73.1787473,539.5999756,-12.6687126,1.9295361
473815.0000000,33.5133962,73.1787688,539.2999878,-12.8037977,2.3661113
473816.0000000,33.5132765,73.1787953,540.2000122,-13.1770592,2.7600338
473817.0000000,33.5131580,73.1788272,540.2000122,-13.2947826,3.2630508
473818.0000000,33.5130405,73.1788597,541.0999756,-13.1513376,3.4109662
473819.0000000,33.5129215,73.1788968,542.7000122,-13.3255262,3.6754649
473820.0000000,33.5128045,73.1789393,543.5999756,-13.1747961,3.9927652
473821.0000000,33.5126905,73.1789813,544.0999756,-13.0300684,4.0609097
473822.0000000,33.5125798,73.1790232,544.2000122,-12.4749565,4.0076723
473823.0000000,33.5124702,73.1790673,544.2000122,-12.1597166,4.0285048
473824.0000000,33.5123685,73.1791097,543.7999878,-11.5350180,3.9966140
473825.0000000,33.5122687,73.1791547,543.7999878,-11.1212339,4.0697932
473826.0000000,33.5121717,73.1791967,543.5999756,-10.7669773,3.8848438
473827.0000000,33.5120835,73.1792348,543.7999878,-9.8926239,3.6397777
473828.0000000,33.5119987,73.1792755,544.5000000,-9.1675205,3.4494963
473829.0000000,33.5119185,73.1793140,544.0999756,-8.5624952,3.0675025
473830.0000000,33.5118488,73.1793470,543.5000000,-7.5010290,2.5010781
473831.0000000,33.5117813,73.1793672,542.7000122,-7.4519677,2.0624127
473832.0000000,33.5117075,73.1793798,542.9000244,-7.7894659,1.4169905
473833.0000000,33.5116503,73.1793598,542.4000244,-6.6385732,-0.3270032
473834.0000000,33.5116132,73.1793252,543.5999756,-5.4501638,-1.5227393
473835.0000000,33.5115858,73.1792787,543.4000244,-4.6174889,-3.0899727
473836.0000000,33.5115785,73.1792230,543.0999756,-2.5938399,-4.3650517
473837.0000000,33.5115907,73.1791742,542.7000122,0.0916472,-4.9069443
473838.0000000,33.5116218,73.1791180,542.9000244,2.7295616,-5.8508987
473839.0000000,33.5116727,73.1790737,543.2000122,4.2747269,-5.2432036
473840.0000000,33.5117370,73.1790552,544.7000122,5.6942739,-3.7092171
473841.0000000,33.5118068,73.1790500,545.0000000,6.7291017,-1.9894198
473842.0000000,33.5118845,73.1790580,546.5000000,8.0603800,0.3138753
473843.0000000,33.5119610,73.1790622,547.2000122,8.6422091,0.0889958
473844.0000000,33.5120428,73.1790618,547.0999756,9.3388481,-0.2543338
473845.0000000,33.5121343,73.1790493,545.7000122,9.8797655,-1.2989421
473846.0000000,33.5122268,73.1790342,543.9000244,10.1041756,-1.6781706
473847.0000000,33.5123212,73.1790027,543.5999756,10.4082890,-2.9138815
473848.0000000,33.5124140,73.1789602,542.5000000,10.5030308,-4.0191236
473849.0000000,33.5125113,73.1789143,542.5000000,10.7394190,-4.3455496
473850.0000000,33.5126075,73.1788660,541.9000244,10.8558264,-4.6416011
473851.0000000,33.5127077,73.1788165,540.7000122,11.2161360,-4.7010174
473852.0000000,33.5128113,73.1787703,540.4000244,11.4280167,-4.2636719
473853.0000000,33.5129155,73.1787280,540.4000244,11.4738369,-3.9373229
473854.0000000,33.5130193,73.1786865,540.5999756,11.4830675,-3.7310739
473855.0000000,33.5131260,73.1786527,540.5000000,11.7955036,-3.2246714
473856.0000000,33.5132295,73.1786207,539.7000122,11.4297285,-3.2342856
473857.0000000,33.5133393,73.1785913,539.7000122,11.9602947,-2.9377313
473858.0000000,33.5134515,73.1785662,539.2999878,12.3030643,-2.4896748
473859.0000000,33.5135673,73.1785415,539.0000000,12.7284346,-2.3774652
473860.0000000,33.5136832,73.1785158,538.2999878,12.8072529,-2.4037547
473861.0000000,33.5137965,73.1784905,538.5999756,12.7428102,-2.0547590
473862.0000000,33.5139137,73.1784760,540.9000244,13.1017332,-1.2315561
473863.0000000,33.5140218,73.1784520,540.9000244,12.3853331,-1.8068267
473864.0000000,33.5141362,73.1784507,543.7000122,12.5561066,-0.5438212
473865.0000000,33.5142567,73.1784608,543.2999878,13.1012115,0.4231668
473866.0000000,33.5143785,73.1784723,543.4000244,13.2781687,0.7330664
473867.0000000,33.5145028,73.1784955,543.7999878,13.3620243,1.4681000
473868.0000000,33.5146273,73.1785202,544.5999756,13.5824537,1.7881640
473869.0000000,33.5147470,73.1785395,545.0000000,13.6379871,1.9142667
473870.0000000,33.5148713,73.1785613,546.0000000,13.7259073,1.8411813
473871.0000000,33.5149985,73.1785788,546.7999878,13.6053801,1.5140667
473872.0000000,33.5151283,73.1785973,546.2999878,13.9572124,1.6074991
473873.0000000,33.5152578,73.1786187,544.7999878,14.1870937,1.7645814
473874.0000000,33.5153868,73.1786362,544.2000122,14.1308575,1.4877067
473875.0000000,33.5155233,73.1786640,543.9000244,14.6168795,2.1897237
473876.0000000,33.5156590,73.1786728,543.5000000,14.6147766,1.2940505
473877.0000000,33.5157960,73.1786913,541.7999878,14.9090624,1.5643747
473878.0000000,33.5159355,73.1787173,541.2999878,15.1312094,1.8846917
473879.0000000,33.5160800,73.1787190,541.5999756,15.3689699,1.6180561
473880.0000000,33.5162212,73.1787313,538.7000122,15.3663759,1.5933818
473881.0000000,33.5163602,73.1787468,537.0999756,15.2772923,1.7001245
473882.0000000,33.5164960,73.1787593,535.5999756,15.1352873,1.5774301
473883.0000000,33.5166368,73.1787830,534.7999878,15.2376099,1.8196723
473884.0000000,33.5167727,73.1788008,533.7000122,15.0472298,1.7649809
473885.0000000,33.5169115,73.1788260,533.4000244,15.0534229,1.8429943
473886.0000000,33.5170498,73.1788470,533.9000244,15.0973940,1.7788792
473887.0000000,33.5171835,73.1788637,533.7000122,14.8958397,1.6392533
473888.0000000,33.5173157,73.1788813,533.7000122,14.6823215,1.5561296
473889.0000000,33.5174482,73.1789005,534.2000122,14.5299625,1.6246610
473890.0000000,33.5175777,73.1789135,533.7999878,14.4494925,1.3506141
473891.0000000,33.5177107,73.1789338,533.7999878,14.4051590,1.4860873
473892.0000000,33.5178267,73.1789458,533.5000000,13.3950367,1.3511709
473893.0000000,33.5179352,73.1789630,533.2999878,12.2176371,1.3790652
473894.0000000,33.5180262,73.1789763,533.5000000,10.5889559,1.4674554
473895.0000000,33.5181045,73.1789875,534.0999756,8.7573948,1.4027073
473896.0000000,33.5181710,73.1790013,533.7000122,7.2240357,1.4435047
473897.0000000,33.5182280,73.1790090,533.7000122,6.3831067,1.2407503
473898.0000000,33.5182840,73.1790183,533.4000244,6.2858338,1.1740909
473899.0000000,33.5183408,73.1790275,532.9000244,6.3599453,1.1111320
473900.0000000,33.5184032,73.1790387,532.5999756,6.9775639,1.2228001
473901.0000000,33.5184657,73.1790487,531.9000244,7.0494790,1.1682978
473902.0000000,33.5185237,73.1790578,531.5999756,6.5324459,1.1400943
473903.0000000,33.5185703,73.1790593,531.5000000,5.2986908,0.8117601
473904.0000000,33.5186052,73.1790585,531.2999878,4.2102342,0.5356094
473905.0000000,33.5186390,73.1790567,531.2999878,4.0225887,0.3568836
473906.0000000,33.5186817,73.1790565,531.2000122,4.8725510,0.3048474
473907.0000000,33.5187330,73.1790612,531.0000000,5.7440162,0.4520639
473908.0000000,33.5187868,73.1790643,530.5999756,5.9667807,0.5052398
473909.0000000,33.5188322,73.1790687,530.4000244,5.1914816,0.5099440
473910.0000000,33.5188680,73.1790730,530.2000122,4.2563386,0.4511149
473911.0000000,33.5189037,73.1790768,529.7999878,4.0480480,0.4626482
473912.0000000,33.5189425,73.1790798,529.5000000,4.2989054,0.4396992
473913.0000000,33.5189912,73.1790865,529.2999878,5.2870278,0.5855614
473914.0000000,33.5190487,73.1790938,529.0000000,6.1264133,0.6709514
473915.0000000,33.5191073,73.1791015,528.7000122,6.4090247,0.7358822
473916.0000000,33.5191672,73.1791090,528.2999878,6.6643004,0.7675499
473917.0000000,33.5192333,73.1791165,528.0999756,7.2699418,0.7666675
473918.0000000,33.5193052,73.1791258,527.5000000,7.8764892,0.8028425
473919.0000000,33.5193800,73.1791348,527.0000000,8.2847357,0.8561441
473920.0000000,33.5194557,73.1791428,526.7999878,8.4722528,0.8426566
473921.0000000,33.5195303,73.1791548,526.5999756,8.2151833,1.0130643
473922.0000000,33.5195823,73.1791602,525.7999878,6.0681014,0.7278742
473923.0000000,33.5196232,73.1791643,525.4000244,4.8241167,0.6017305
473924.0000000,33.5196630,73.1791692,525.4000244,4.4980631,0.5961750
473925.0000000,33.5196995,73.1791738,525.2999878,4.0912867,0.5713525
473926.0000000,33.5197368,73.1791790,525.0000000,4.1653414,0.5987508
473927.0000000,33.5197740,73.1791848,524.7000122,4.1552615,0.5965616
473928.0000000,33.5198110,73.1791898,524.4000244,4.1349959,0.5929156
473929.0000000,33.5198488,73.1791950,524.2999878,4.2120810,0.5612634
473930.0000000,33.5198897,73.1791977,523.7999878,4.5532227,0.4809735
473931.0000000,33.5199407,73.1792042,523.4000244,5.4633899,0.5308769
473932.0000000,33.5200028,73.1792140,523.0999756,6.6174707,0.7235622
473933.0000000,33.5200787,73.1792302,523.5000000,8.0712671,1.1214168
473934.0000000,33.5201640,73.1792427,523.7000122,9.2703638,1.0709780
473935.0000000,33.5202558,73.1792537,523.7999878,10.0974865,0.9242744
473936.0000000,33.5203527,73.1792650,523.4000244,10.6755877,0.9283606
473937.0000000,33.5204552,73.1792785,523.2000122,11.3646717,1.0762790
473938.0000000,33.5205630,73.1792923,523.0999756,11.9854622,1.1772969
473939.0000000,33.5206728,73.1793023,522.7000122,12.2224112,1.0134561
473940.0000000,33.5207848,73.1793153,522.7999878,12.4243279,1.1263298
473941.0000000,33.5208997,73.1793290,522.5000000,12.5856571,1.1697515
473942.0000000,33.5210162,73.1793407,523.0000000,12.6654911,1.0234911
473943.0000000,33.5211330,73.1793528,523.0999756,12.7565250,0.9815612
473944.0000000,33.5212508,73.1793653,523.0999756,12.8255787,0.9553560
473945.0000000,33.5213675,73.1793773,523.0999756,12.8396215,0.9744309
473946.0000000,33.5214847,73.1793873,523.0999756,12.9160719,0.9167726
473947.0000000,33.5216060,73.1793995,523.2000122,13.2170200,1.0959270
473948.0000000,33.5217288,73.1794158,523.5000000,13.3591623,1.2957547
473949.0000000,33.5218535,73.1794335,523.7000122,13.5949812,1.4672853
473950.0000000,33.5219830,73.1794518,523.5999756,14.1017227,1.6116749
473951.0000000,33.5221117,73.1794675,523.4000244,14.2251396,1.5729831
473952.0000000,33.5222407,73.1794842,523.4000244,14.3185558,1.5706658
473953.0000000,33.5223712,73.1795002,523.4000244,14.4211063,1.5793681
473954.0000000,33.5225015,73.1795170,523.2000122,14.5376110,1.6023990
473955.0000000,33.5226320,73.1795323,522.7999878,14.5813484,1.5325615
473956.0000000,33.5227640,73.1795478,522.2999878,14.6462393,1.5548905
473957.0000000,33.5228998,73.1795590,521.7999878,14.8975248,1.3662682
473958.0000000,33.5230367,73.1795698,521.4000244,15.1712246,1.2473017
473959.0000000,33.5231762,73.1795818,521.0999756,15.4387178,1.2584431
473960.0000000,33.5233133,73.1795947,520.5000000,15.3771591,1.3155841
473961.0000000,33.5234538,73.1796065,520.5000000,15.5006866,1.2580478
473962.0000000,33.5235947,73.1796202,520.0999756,15.5677357,1.3209416
473963.0000000,33.5237362,73.1796327,519.9000244,15.6942482,1.3509904
473964.0000000,33.5238773,73.1796465,519.7999878,15.6762524,1.3797656
473965.0000000,33.5240162,73.1796637,519.5000000,15.4456530,1.5253471
473966.0000000,33.5241542,73.1796803,519.0999756,15.3103666,1.5848732
473967.0000000,33.5242925,73.1796953,519.0000000,15.3295479,1.5490098
473968.0000000,33.5244310,73.1797110,518.7999878,15.4229422,1.5965266
473969.0000000,33.5245693,73.1797268,518.5000000,15.4144487,1.6282845
473970.0000000,33.5247083,73.1797437,518.2999878,15.3337193,1.6089331
473971.0000000,33.5248438,73.1797568,518.0999756,15.2139568,1.5158731
473972.0000000,33.5249830,73.1797757,518.0999756,15.3173008,1.7126968
473973.0000000,33.5251220,73.1797972,517.7999878,15.3210917,1.9001968
473974.0000000,33.5252602,73.1798155,517.4000244,15.2197323,1.8390948
473975.0000000,33.5253973,73.1798330,517.2000122,15.1737185,1.7905574
473976.0000000,33.5255312,73.1798485,516.7999878,14.9407101,1.6547489
473977.0000000,33.5256668,73.1798683,516.5999756,14.9029837,1.7137914
473978.0000000,33.5258002,73.1798888,516.2000122,14.7496719,1.7405183
473979.0000000,33.5259348,73.1799057,516.0000000,14.8915625,1.7230126
473980.0000000,33.5260667,73.1799192,515.7000122,14.7159395,1.5804740
473981.0000000,33.5262028,73.1799362,515.5000000,14.8080854,1.5407159
473982.0000000,33.5263360,73.1799527,515.0000000,14.7057495,1.5300683
473983.0000000,33.5264650,73.1799613,514.2999878,14.4347515,1.2857280
473984.0000000,33.5265943,73.1799703,513.5999756,14.4331217,1.1840826
473985.0000000,33.5267210,73.1799710,513.4000244,14.3298597,0.7183972
473986.0000000,33.5268527,73.1799840,512.9000244,14.3781872,0.8693327
473987.0000000,33.5269822,73.1799933,512.5999756,14.2559891,0.8444649
473988.0000000,33.5271102,73.1800057,512.5000000,14.1225042,0.9949727
473989.0000000,33.5272395,73.1800235,512.0999756,14.2026081,1.2825419
473990.0000000,33.5273680,73.1800388,512.2000122,14.1716185,1.3920367
473991.0000000,33.5274983,73.1800552,512.2999878,14.2134905,1.4387412
473992.0000000,33.5276257,73.1800738,512.0000000,14.0673418,1.5953103
473993.0000000,33.5277538,73.1800917,512.0000000,14.1386251,1.6058936
473994.0000000,33.5278792,73.1801088,511.7999878,14.0724802,1.6406877
473995.0000000,33.5280067,73.1801212,511.7000122,14.1192045,1.3993294
473996.0000000,33.5281312,73.1801365,511.5000000,13.9172525,1.4529394
473997.0000000,33.5282587,73.1801562,511.2999878,14.1357908,1.7181289
473998.0000000,33.5283850,73.1801747,511.0000000,14.2069950,1.8123980
473999.0000000,33.5285148,73.1801913,510.8999939,14.3928547,1.7774208
474000.0000000,33.5286437,73.1802040,511.1000061,14.4173641,1.5662271
474001.0000000,33.5287738,73.1802110,510.8999939,14.5493670,1.2140731
474002.0000000,33.5289018,73.1802287,510.5000000,14.4690561,1.5667324
474003.0000000,33.5290330,73.1802398,510.7999878,14.6234694,1.4750842
474004.0000000,33.5291635,73.1802577,510.8999939,14.6210423,1.7331020
474005.0000000,33.5292980,73.1802785,511.0000000,14.7984171,1.8511095
474006.0000000,33.5294323,73.1802962,510.6000061,14.8798075,1.8217386
474007.0000000,33.5295678,73.1803195,510.5000000,15.0524254,2.0512209
474008.0000000,33.5297045,73.1803425,510.0000000,15.1223335,2.1091590
474009.0000000,33.5298415,73.1803637,509.6000061,14.9666882,1.9146221
474010.0000000,33.5299788,73.1803790,509.5000000,14.9997339,1.6824898
474011.0000000,33.5301122,73.1803983,509.5000000,14.9074364,1.7644113
474012.0000000,33.5302493,73.1804173,509.3999939,14.9904680,1.7185501
474013.0000000,33.5303808,73.1804337,509.5000000,14.6660099,1.6113703
474014.0000000,33.5305118,73.1804520,509.7999878,14.5262613,1.6114134
474015.0000000,33.5306418,73.1804713,510.0000000,14.4301682,1.6823900
474016.0000000,33.5307755,73.1804923,509.8999939,14.5868692,1.8013804
474017.0000000,33.5309080,73.1805115,509.6000061,14.6251774,1.8268468
474018.0000000,33.5310408,73.1805320,509.6000061,14.5635614,1.8630519
474019.0000000,33.5311715,73.1805523,509.6000061,14.5345583,1.9264159
474020.0000000,33.5313035,73.1805702,509.2999878,14.5655031,1.8064851
474021.0000000,33.5314348,73.1805870,509.2000122,14.4586372,1.6601362
474022.0000000,33.5315665,73.1806043,509.2000122,14.4734411,1.6208987
474023.0000000,33.5317013,73.1806245,509.2000122,14.6558933,1.7009293
474024.0000000,33.5318362,73.1806425,508.8999939,14.7968416,1.6911196
474025.0000000,33.5319702,73.1806603,508.7000122,14.8280993,1.6894485
474026.0000000,33.5321048,73.1806777,508.7000122,14.8201733,1.5733558
474027.0000000,33.5322412,73.1806958,508.3999939,14.8366060,1.5148965
474028.0000000,33.5323748,73.1807148,508.3999939,14.6957827,1.5264386
474029.0000000,33.5325072,73.1807340,508.0000000,14.6094799,1.6077399
474030.0000000,33.5326385,73.1807530,507.7999878,14.5347910,1.6277694
474031.0000000,33.5327688,73.1807742,507.6000061,14.3890562,1.7234328
474032.0000000,33.5328977,73.1807902,507.2999878,14.3217382,1.5887253
474033.0000000,33.5330282,73.1808032,507.1000061,14.5241737,1.3806119
474034.0000000,33.5331587,73.1808158,506.8999939,14.6031656,1.3084360
474035.0000000,33.5332880,73.1808283,506.6000061,14.4951010,1.2452171
474036.0000000,33.5334172,73.1808437,506.2999878,14.4622374,1.3798184
474037.0000000,33.5335467,73.1808572,506.2000122,14.4383030,1.3597367
474038.0000000,33.5336763,73.1808708,505.8999939,14.4275846,1.3638083
474039.0000000,33.5338040,73.1808822,505.5000000,14.3373928,1.2770560
474040.0000000,33.5339318,73.1808928,505.2999878,14.2671356,1.1303648
474041.0000000,33.5340585,73.1808982,504.8999939,14.2701130,0.9478199
474042.0000000,33.5341865,73.1809042,505.0000000,14.3778839,0.8743515
474043.0000000,33.5343177,73.1809140,505.0000000,14.5166807,0.8802491
474044.0000000,33.5344488,73.1809262,504.7000122,14.5284319,0.9395115
474045.0000000,33.5345783,73.1809335,504.2000122,14.4290495,0.7915527
474046.0000000,33.5347113,73.1809427,504.0000000,14.6071825,0.7348561
474047.0000000,33.5348427,73.1809480,503.5000000,14.6250582,0.5643944
474048.0000000,33.5349742,73.1809523,503.0000000,14.6742573,0.4842313
474049.0000000,33.5351098,73.1809563,502.8999939,14.8720760,0.4102194
474050.0000000,33.5352477,73.1809570,502.5000000,15.1536217,0.2406976
474051.0000000,33.5353865,73.1809587,502.2000122,15.3859816,0.1799273
474052.0000000,33.5355270,73.1809582,501.5000000,15.4950666,0.0027044
474053.0000000,33.5356682,73.1809535,501.1000061,15.4207888,-0.2637898
474054.0000000,33.5358097,73.1809448,500.6000061,15.4727325,-0.6106274
474055.0000000,33.5359495,73.1809327,500.2000122,15.5035791,-0.9237986
474056.0000000,33.5360895,73.1809212,499.8999939,15.4978247,-1.0157837
474057.0000000,33.5362298,73.1809122,499.6000061,15.5017052,-1.0350586
474058.0000000,33.5363957,73.1809287,499.0000000,18.1273232,0.7882863
474059.0000000,33.5365565,73.1809390,499.1000061,17.9221458,0.7699623
474060.0000000,33.5367072,73.1809390,498.8999939,17.3626080,0.4182687
474061.0000000,33.5368517,73.1809312,498.7999878,16.8220539,-0.0968884
474062.0000000,33.5369905,73.1809130,498.7000122,16.3185596,-0.7010713
474063.0000000,33.5371313,73.1808837,498.1000061,16.1912937,-1.3340135
474064.0000000,33.5372777,73.1808507,497.5000000,16.3153648,-1.9050678
474065.0000000,33.5374208,73.1808162,496.7000122,16.1100025,-2.2526460
474066.0000000,33.5375627,73.1807787,495.7999878,15.8803606,-2.6318233
474067.0000000,33.5377037,73.1807400,494.1000061,15.7490292,-2.9046934
474068.0000000,33.5378437,73.1807018,494.1000061,15.6295347,-2.9560566
474069.0000000,33.5379827,73.1806623,493.3999939,15.5669127,-3.1162245
474070.0000000,33.5381207,73.1806243,492.7000122,15.3774357,-3.1957090
474071.0000000,33.5382535,73.1805805,492.2999878,14.9884148,-3.4107895
474072.0000000,33.5383837,73.1805363,491.7999878,14.6352701,-3.4758189
474073.0000000,33.5385098,73.1804958,491.3999939,14.1262217,-3.3705521
474074.0000000,33.5386320,73.1804547,490.7000122,13.7071114,-3.3744011
474075.0000000,33.5387518,73.1804150,490.1000061,13.4163399,-3.3500419
474076.0000000,33.5388712,73.1803725,489.5000000,13.2992640,-3.5958898
474077.0000000,33.5389902,73.1803287,489.0000000,13.3084488,-3.7935197
474078.0000000,33.5391005,73.1802762,487.7000122,12.7781706,-4.1568103
474079.0000000,33.5392147,73.1802248,487.7000122,12.7254114,-4.4264789
474080.0000000,33.5393298,73.1801755,487.1000061,12.7724485,-4.4478388
474081.0000000,33.5394453,73.1801260,486.7000122,12.8317013,-4.4810319
474082.0000000,33.5395597,73.1800735,486.2000122,12.7461548,-4.6442633
474083.0000000,33.5396723,73.1800230,485.7000122,12.6091366,-4.6592574
474084.0000000,33.5397860,73.1799702,485.1000061,12.6964121,-4.8077054
474085.0000000,33.5399032,73.1799212,484.5000000,12.8683386,-4.7295280
474086.0000000,33.5400223,73.1798697,484.1000061,12.9757986,-4.8540363
474087.0000000,33.5401365,73.1798195,483.3999939,12.7061176,-4.8545389
474088.0000000,33.5402487,73.1797667,482.7999878,12.5466995,-4.9523983
474089.0000000,33.5403630,73.1797168,482.0000000,12.5778666,-4.8584394
474090.0000000,33.5404745,73.1796642,480.7000122,12.7594633,-4.9593186
474091.0000000,33.5405832,73.1796045,480.7000122,12.7084818,-5.2926311
474092.0000000,33.5406943,73.1795468,480.2000122,12.5370331,-5.3941140
474093.0000000,33.5408020,73.1794838,479.6000061,12.2172956,-5.7048106
474094.0000000,33.5409155,73.1794175,478.7000122,12.4264927,-6.0313044
474095.0000000,33.5410258,73.1793483,477.8999939,12.4238071,-6.2458057
474096.0000000,33.5411382,73.1792757,476.0000000,12.3048449,-6.5867472
474097.0000000,33.5412475,73.1792010,476.0000000,12.1882668,-6.7894788
474098.0000000,33.5413662,73.1791282,475.1000061,12.6146498,-6.9005990
474099.0000000,33.5414810,73.1790500,474.3999939,12.7408724,-7.1293912
474100.0000000,33.5415937,73.1789640,473.6000061,12.6217060,-7.5509477
474101.0000000,33.5417025,73.1788775,472.8999939,12.2626600,-7.6744685
474102.0000000,33.5418223,73.1787968,472.2999878,13.0750103,-7.4790401
474103.0000000,33.5419328,73.1787137,471.7000122,12.3410540,-7.4387255
474104.0000000,33.5420427,73.1786352,470.5000000,12.4343643,-7.1587391
474105.0000000,33.5421435,73.1785480,468.7000122,11.8865614,-7.5667424
474106.0000000,33.5422457,73.1784675,468.7000122,11.6977987,-7.1796584
474107.0000000,33.5423492,73.1783958,468.2999878,11.6879864,-6.5563102
474108.0000000,33.5424522,73.1783318,466.7999878,11.4318886,-6.1245914
474109.0000000,33.5425507,73.1782632,466.7999878,11.2658606,-6.2782283
474110.0000000,33.5426463,73.1781908,465.8999939,11.0300999,-6.6039968
474111.0000000,33.5427430,73.1781185,465.3999939,11.2696676,-6.4803443
474112.0000000,33.5428443,73.1780505,464.0000000,11.5979643,-6.3365545
474113.0000000,33.5429407,73.1779640,464.0000000,11.4709387,-7.3953509
474114.0000000,33.5430433,73.1778855,463.5000000,11.6981096,-7.2672782
474115.0000000,33.5431500,73.1778130,462.5000000,11.7063913,-7.0366917
474116.0000000,33.5432490,73.1777292,461.6000061,11.5029392,-7.4216666
474117.0000000,33.5433455,73.1776430,461.0000000,11.4059668,-7.4951706
474118.0000000,33.5434433,73.1775573,460.8999939,11.1727409,-7.7306046
474119.0000000,33.5435402,73.1774715,460.7999878,11.1705532,-7.7608447
474120.0000000,33.5436410,73.1773833,460.8999939,11.4645405,-8.1655102
474121.0000000,33.5437385,73.1772892,460.5000000,11.6521196,-8.1225834
474122.0000000,33.5438490,73.1772133,460.7999878,11.9588232,-7.8435345
474123.0000000,33.5439592,73.1771377,460.1000061,12.1972475,-7.6335306
474124.0000000,33.5440788,73.1770775,460.2000122,12.7044783,-7.1206770
474125.0000000,33.5441867,73.1769872,459.7999878,12.8568640,-7.3423505
474126.0000000,33.5442945,73.1768985,459.7000122,12.7391272,-7.4024482
474127.0000000,33.5444062,73.1768277,459.7999878,12.6033573,-7.0063014
474128.0000000,33.5445178,73.1767557,460.2999878,12.6034136,-6.7919159
474129.0000000,33.5446192,73.1766578,460.2000122,12.5331259,-7.2243381
474130.0000000,33.5447250,73.1765675,460.7999878,12.5442657,-7.3891401
474131.0000000,33.5448338,73.1764813,460.8999939,12.5446711,-7.4692225
474132.0000000,33.5449463,73.1763910,461.2000122,12.6671104,-7.7047486
474133.0000000,33.5450575,73.1762963,460.3999939,12.8012981,-7.9774103
474134.0000000,33.5451680,73.1762080,460.0000000,12.7907801,-7.9553680
474135.0000000,33.5452752,73.1761077,460.5000000,12.7046947,-8.2820826
474136.0000000,33.5453835,73.1760160,460.8999939,12.5782728,-8.2498188
474137.0000000,33.5454922,73.1759270,461.3999939,12.4662933,-8.1390858
474138.0000000,33.5456088,73.1758488,461.5000000,12.6534815,-7.8546686
474139.0000000,33.5457203,73.1757647,461.0000000,12.6269035,-7.7802777
474140.0000000,33.5458280,73.1756783,460.7999878,12.4163475,-7.7585950
474141.0000000,33.5459368,73.1755990,461.1000061,12.2655382,-7.5723915
474142.0000000,33.5460458,73.1755152,461.5000000,12.2940884,-7.5456381
474143.0000000,33.5461563,73.1754282,461.6000061,12.3886786,-7.6275268
474144.0000000,33.5462610,73.1753357,460.8999939,12.2271919,-7.8647971
474145.0000000,33.5463735,73.1752548,461.0000000,12.3749905,-7.7567973
474146.0000000,33.5464867,73.1751905,461.1000061,12.5490208,-7.2276654
474147.0000000,33.5466002,73.1751220,461.1000061,12.7095842,-6.9842653
474148.0000000,33.5467052,73.1750392,461.0000000,12.5016432,-7.1655536
474149.0000000,33.5468132,73.1749512,461.0000000,12.3324547,-7.4629159
474150.0000000,33.5469252,73.1748775,460.8999939,12.4011955,-7.2873840
474151.0000000,33.5470392,73.1748040,460.7000122,12.5235834,-7.1375341
474152.0000000,33.5471487,73.1747268,459.3999939,12.4463634,-7.0964022
474153.0000000,33.5472552,73.1746610,459.3999939,12.2789688,-6.6780372
474154.0000000,33.5473582,73.1745723,459.5000000,12.1618347,-7.0443001
474155.0000000,33.5474682,73.1744952,459.3999939,12.3647852,-7.0213242
474156.0000000,33.5475863,73.1744322,459.6000061,12.6820316,-6.7431545
474157.0000000,33.5477013,73.1743575,459.6000061,12.7715082,-6.8595090
474158.0000000,33.5478070,73.1742560,460.5000000,12.6396341,-7.5108333
474159.0000000,33.5479198,73.1741687,460.7999878,12.7042599,-7.6033454
474160.0000000,33.5480330,73.1740880,460.5000000,12.6670771,-7.4644594
474161.0000000,33.5481435,73.1740035,460.6000061,12.5454922,-7.5679245
474162.0000000,33.5482548,73.1739163,461.6000061,12.5084829,-7.7858477
474163.0000000,33.5483680,73.1738308,462.7000122,12.4785061,-7.9588723
474164.0000000,33.5484808,73.1737438,464.7000122,12.4961214,-8.1026773
474165.0000000,33.5485915,73.1736588,464.7000122,12.3802795,-8.1014309
474166.0000000,33.5487063,73.1735860,465.8999939,12.3217402,-7.7834659
474167.0000000,33.5488188,73.1735098,466.5000000,12.2348051,-7.6510944
474168.0000000,33.5489267,73.1734217,466.5000000,12.1362848,-7.8633385
474169.0000000,33.5490328,73.1733313,466.8999939,12.1036177,-8.0629587
474170.0000000,33.5491407,73.1732407,466.8999939,12.1779203,-8.1647243
474171.0000000,33.5492545,73.1731565,466.8999939,12.3488054,-8.0931520
474172.0000000,33.5493642,73.1730665,466.2999878,12.2848644,-8.1713228
474173.0000000,33.5494732,73.1729732,466.0000000,12.3040733,-8.3273554
474174.0000000,33.5495828,73.1728858,466.0000000,12.2149467,-8.1926394
474175.0000000,33.5496982,73.1728127,465.2999878,12.3096199,-7.6769767
474176.0000000,33.5498038,73.1727258,464.7000122,12.1006680,-7.7476263
474177.0000000,33.5499145,73.1726450,464.7000122,12.2596264,-7.7083483
474178.0000000,33.5500285,73.1725655,464.3999939,12.4730873,-7.6375313
474179.0000000,33.5501407,73.1724820,464.3999939,12.5177469,-7.7220645
474180.0000000,33.5502532,73.1723973,464.2999878,12.5941486,-7.7843757
474181.0000000,33.5503672,73.1723098,464.3999939,12.7042875,-7.9385204
474182.0000000,33.5504817,73.1722303,463.8999939,12.7380962,-7.7662191
474183.0000000,33.5505942,73.1721443,463.3999939,12.6365442,-7.8136287
474184.0000000,33.5507088,73.1720658,463.3999939,12.6537495,-7.6573458
474185.0000000,33.5508170,73.1719778,463.2000122,12.4221592,-7.7200880
474186.0000000,33.5509317,73.1719043,463.1000061,12.4936905,-7.4241095
474187.0000000,33.5510353,73.1718190,462.8999939,12.1128225,-7.4082165
474188.0000000,33.5511418,73.1717432,463.0000000,11.8853884,-7.1782141
474189.0000000,33.5512438,73.1716678,462.7999878,11.5803175,-6.9967246
474190.0000000,33.5513495,73.1715983,462.7999878,11.6215324,-6.7965164
474191.0000000,33.5514518,73.1715207,462.7000122,11.5561590,-6.8970537
474192.0000000,33.5515512,73.1714375,462.6000061,11.4017048,-7.1301107
474193.0000000,33.5516563,73.1713577,462.2999878,11.4156847,-7.2334409
474194.0000000,33.5517623,73.1712898,462.0000000,11.4128075,-7.0047417
474195.0000000,33.5518677,73.1712373,461.7000122,11.4754324,-6.5454717
474196.0000000,33.5519695,73.1711882,461.7000122,11.3905125,-6.0819650
474197.0000000,33.5520888,73.1711445,461.8999939,11.7878590,-5.6857867
474198.0000000,33.5521798,73.1710615,461.6000061,11.2900982,-6.1811504
474199.0000000,33.5522848,73.1709927,461.5000000,11.4272852,-6.3160076
474200.0000000,33.5523832,73.1709120,461.2999878,11.3693657,-6.6570344
